176,3089,-4.0,1385847246.07425
176,287,-8.0,1368362420.39776
176,3112,0.0,1411416366.00789
176,21,4.0,1320563066.03661
176,3095,0.0,1397300845.38665
176,227,0.0,1348826934.38606
176,388,0.0,1354818139.43794
176,1646,0.0,1401663356.81628
176,2141,0.0,1417080890.06016
176,1503,-8.0,1423599895.95662
176,187,4.0,1348344657.66686
176,3122,4.0,1415113250.89124
176,231,4.0,1348827451.1609
176,2968,0.0,1311347486.89845
176,32,0.0,1330637038.01948
176,3081,4.0,1355955180.34477
176,170,4.0,1319633279.30996
176,5159,0.0,1398406291.0147
176,25,0.0,1346210081.675
176,1374,4.0,1417078950.74541
176,191,-4.0,1331836192.62007
176,2252,4.0,1362801610.77014
176,3116,0.0,1412932049.54799
176,3099,4.0,1397444878.41527
176,676,4.0,1348344591.28305
176,197,0.0,1406752975.12719
176,173,4.0,1330727960.70009
176,1481,-8.0,1360516190.21881
176,185,4.0,1317569920.42893
176,4005,0.0,1437943722.22682
176,3093,0.0,1396438827.96023
176,3130,0.0,1417555776.162
176,3120,-8.0,1449770767.69619
176,3103,0.0,1402632179.0353
176,1536,0.0,1397423381.85034
176,1695,0.0,1311450055.61665
176,1212,4.0,1403088129.6612
176,2297,4.0,1407867398.94364
176,1391,4.0,1359295952.56785
176,208,0.0,1331150811.80529
176,3124,4.0,1398212243.98081
176,252,0.0,1363841187.56326
176,3107,4.0,1399259903.5582
176,1492,-8.0,1406813154.06839
176,383,0.0,1399725960.80293
176,5090,4.0,1407710378.08071
176,52,0.0,1398339552.44344
176,3097,0.0,1397615986.55353
176,1526,4.0,1398075114.64082
176,1685,4.0,1417078978.93857
176,212,4.0,1311656924.64073
176,1762,-8.0,1351976914.92869
176,3064,4.0,1362106161.43596
176,3128,4.0,1417081107.47276
176,1971,-8.0,1360667791.06251
176,2102,0.0,1348827376.62831
176,3080,0.0,1355358894.80612
176,3111,4.0,1410630046.66392
176,3024,0.0,1311656404.44841
176,3101,0.0,1401128481.1952
176,2748,4.0,1356747887.29742
176,5219,0.0,1401316487.64819
176,5820,0.0,1423229489.18775
176,12,4.0,1319867686.50509
176,2167,0.0,1407740052.96149
176,3105,4.0,1402823344.33173
176,73,-8.0,1449756126.47613
176,281,4.0,1348100822.60259
176,3132,0.0,1417958401.39434
176,3115,0.0,1412880318.33386
176,1527,8.0,1398181899.30441
176,843,0.0,1386260862.55211
176,380,0.0,1353804040.4511
176,3126,0.0,1417080276.8795
176,3109,0.0,1408313357.56741
176,3085,0.0,1375426574.76734
176,3092,-8.0,1396215932.00287
176,1586,8.0,1417670296.09826
176,28,-8.0,1333904059.66435
176,3123,0.0,1415889404.85258
176,37,0.0,1405443259.01255
176,1866,-8.0,1374109002.80102
176,3113,0.0,1411851947.41365
176,5089,4.0,1402976359.36605
176,3096,0.0,1397334621.20648
176,246,4.0,1360516374.03828
176,262,4.0,1331237283.97765
176,3117,0.0,1413477854.59421
176,234,-8.0,1360667662.80564
176,3090,8.0,1398196757.91259
176,250,4.0,1362273814.70802
176,155,0.0,1348868453.75289
176,3127,0.0,1417080730.46076
176,35,0.0,1348566921.14593
176,1524,0.0,1397301915.13847
176,1862,-4.0,1387066599.43341
176,39,0.0,1412359314.59131
176,2257,0.0,1385847046.14121
176,357,4.0,1364074718.02847
176,240,4.0,1414792892.19388
176,3121,0.0,1414355567.0539
176,3094,0.0,1396438839.4761
176,3084,0.0,1360406396.7724
176,774,4.0,1367373151.43087
176,3098,0.0,1398075035.34638
176,426,0.0,1407740452.20432
176,2255,4.0,1417079381.60178
176,1686,4.0,1411565338.09926
176,3125,4.0,1417079433.74861
176,3108,0.0,1407911847.51517
176,1529,4.0,1403661367.42525
176,152,4.0,1355617732.90889
176,3119,0.0,1413837436.65049
176,3102,0.0,1402173789.95722
176,3997,4.0,1431836958.66003
176,2791,0.0,1375426622.28786
176,233,0.0,1430030814.63649
176,3083,0.0,1360016642.02547
176,64,-8.0,1365374612.38966
176,3129,4.0,1417081384.39654
176,177,0.0,1319844589.73816
176,1197,4.0,1348100707.37703
176,2254,4.0,1404799357.78402
176,3087,4.0,1385931490.71533
176,3133,0.0,1418455595.889
176,3106,0.0,1406151332.29818
176,1467,0.0,1346554835.5649
176,2256,4.0,1403343737.74135
176,1938,4.0,1395792714.82086
176,318,4.0,1313330951.76952
176,244,0.0,1404084466.01743
176,1532,4.0,1396215958.81233
176,2659,4.0,1333851441.22992
176,3100,4.0,1400202095.62386
176,232,0.0,1417111352.49728
176,5802,4.0,1397450741.43457
176,71,4.0,1330450888.14489
176,3110,0.0,1409646893.51373
176,141,0.0,1348825880.30815
176,254,4.0,1344653024.73679
176,3086,0.0,1376949257.70418
176,2677,4.0,1369150735.37677
176,3131,0.0,1417731002.3434
176,1528,4.0,1385847104.30506
176,3114,4.0,1413322044.83534
176,3104,-4.0,1407782688.7901
176,3088,0.0,1385846915.26428
176,548,0.0,1320045958.69794
176,188,-8.0,1420777311.26099
176,3091,0.0,1390668682.65839
176,0,-8.0,1416082731.48426
176,3082,4.0,1359295809.4697
176,1241,0.0,1417641444.39174
176,2909,8.0,1360669575.3656
176,2253,8.0,1394003347.21224
176,3118,0.0,1413587732.35414
3089,3119,0.0,1398724069.21758
3119,3088,0.0,1392833425.04211
3119,2206,0.0,1375367147.96137
3119,2954,0.0,1371108061.7084
3119,3122,0.0,1405960642.51776
3119,205,0.0,1392515552.34317
3119,1441,0.0,1401721286.44121
3119,3835,0.0,1403780299.93533
3119,3107,0.0,1397437223.54688
3119,2255,0.0,1409302882.1629
3119,39,0.0,1401544168.39331
3119,1532,0.0,1398361864.18358
3119,774,0.0,1403983952.18957
3119,2253,4.0,1403858736.23196
3119,5292,0.0,1393186345.98656
3119,2257,0.0,1392833386.7602
3119,5563,0.0,1384998244.52692
3119,75,0.0,1408213270.65008
3119,2297,0.0,1398022045.18412
3119,5567,0.0,1404510458.46945
3119,3094,0.0,1400521257.82492
3119,2167,0.0,1408213547.81255
3119,380,0.0,1408114473.29648
3119,1524,0.0,1397196603.59394
3119,3092,0.0,1401543641.72574
3119,3064,0.0,1399400809.68048
3119,1775,0.0,1396315036.97758
3119,1241,0.0,1414611013.81895
3119,1589,0.0,1406198181.75505
3119,5565,0.0,1399054905.16566
3119,3103,0.0,1402634400.08607
3119,1529,0.0,1393215868.94123
3119,5089,0.0,1405961773.21912
3119,132,0.0,1408213310.84552
3119,536,0.0,1407251374.91151
3119,5566,0.0,1401106836.01167
3119,152,0.0,1413828291.16964
3119,0,0.0,1396407147.20642
3119,1082,0.0,1370534845.93683
3119,240,4.0,1401106568.2516
3119,1212,0.0,1401106605.45919
3119,5564,0.0,1396649697.32851
3119,1520,4.0,1401106704.96718
3119,1536,0.0,1398361746.21481
3119,3113,0.0,1400835365.72236
3119,1197,0.0,1397140227.54844
3119,1526,4.0,1385935018.95844
3119,1527,4.0,1413828318.51281
3119,5063,0.0,1397140011.58558
3119,52,0.0,1393506833.21292
3119,3124,0.0,1408213051.23341
3119,250,4.0,1401106593.43502
287,3139,0.0,1346454738.48689
287,251,4.0,1379191516.14424
287,2680,0.0,1367306597.22318
287,4018,0.0,1345070576.75582
287,1932,0.0,1343698299.15871
287,4439,0.0,1346454717.65579
287,359,4.0,1343880566.07956
287,2291,0.0,1365623168.66307
287,400,0.0,1367296302.48895
287,559,4.0,1345072897.62233
287,286,4.0,1344999825.96676
287,184,0.0,1345086241.6426
287,1564,4.0,1343188026.59601
287,3138,0.0,1346454727.64746
287,899,0.0,1353443415.27824
287,1750,0.0,1367420307.48471
287,227,0.0,1345242504.13776
287,383,8.0,1344982299.45225
287,3722,0.0,1344804038.68132
287,378,0.0,1347858596.29468
287,32,4.0,1344884828.38658
287,234,8.0,1367420611.84384
287,622,4.0,1365453282.14828
3112,3126,0.0,1411413730.59302
3112,3108,0.0,1411413968.30322
3112,3107,0.0,1413652430.04295
21,208,4.0,1323660180.28787
21,173,0.0,1332106579.27062
21,350,0.0,1325221861.74642
21,1485,4.0,1328250976.13198
21,421,8.0,1358042082.14442
21,28,0.0,1319337610.21715
21,2387,0.0,1310330873.51728
21,563,4.0,1341801696.5672
21,202,4.0,1329027889.24082
21,1408,4.0,1314745739.151
21,398,4.0,1332301596.39319
21,1550,4.0,1310306527.24008
21,567,0.0,1340068231.98958
21,709,0.0,1331870539.4623
21,3036,0.0,1340068306.30387
21,0,4.0,1324260661.75194
21,3023,0.0,1313698815.74668
21,375,0.0,1330721788.73185
21,160,4.0,1331177445.46962
21,193,4.0,1329954958.8019
21,281,8.0,1341643033.27682
21,12,4.0,1330859618.95736
21,1919,0.0,1310320432.97792
21,254,4.0,1322256142.41752
21,2946,4.0,1331248120.18834
21,3027,0.0,1322790970.92445
21,2355,0.0,1312847410.9942
21,16,4.0,1312393260.47632
21,285,0.0,1340577296.91842
21,2798,4.0,1331175461.24563
21,2764,4.0,1353820271.25766
21,187,0.0,1329194523.47041
21,3031,4.0,1328250593.19202
21,14,0.0,1321950171.40534
21,64,4.0,1332186883.78595
21,201,4.0,1339121743.90988
21,3025,4.0,1317078312.37129
21,1441,4.0,1336937753.73371
21,2167,4.0,1333723100.59702
21,2647,4.0,1321504380.84711
21,347,0.0,1332017283.55994
21,212,0.0,1313120649.83698
21,1762,4.0,1337983661.48032
21,1472,4.0,1340070048.50175
21,222,4.0,1322962968.32037
21,374,0.0,1325115312.72011
21,3029,4.0,1325042050.71587
21,1374,4.0,1334199911.18466
21,675,0.0,1331783651.83297
21,3033,4.0,1329600254.29365
21,1935,0.0,1321485135.65536
21,25,8.0,1337873136.75513
21,318,4.0,1314585740.64355
21,3037,0.0,1340459205.6988
21,2365,4.0,1314704808.53205
21,166,0.0,1320031048.04619
21,1622,4.0,1327259924.41223
21,23,4.0,1342709475.50995
21,207,0.0,1343418342.15209
21,2102,0.0,1319498414.71648
21,261,4.0,1327090442.97645
21,3024,0.0,1314580664.94246
21,447,4.0,1325050717.50601
21,2342,4.0,1336239277.52901
21,2653,0.0,1330138983.65353
21,1795,0.0,1333512206.16958
21,3035,0.0,1331177834.29127
21,282,0.0,1334880995.53337
21,1434,4.0,1338144302.60114
21,188,4.0,1343949801.27665
21,1985,4.0,1326947754.16888
21,1678,0.0,1331185041.99
21,3026,0.0,1322006601.16941
21,1945,0.0,1354675141.92251
21,246,4.0,1315665616.92958
21,557,4.0,1337803942.77168
21,2621,0.0,1348117728.21339
21,1939,4.0,1324608349.80318
21,186,4.0,1324763469.49164
21,3030,0.0,1325510586.20901
21,2260,0.0,1311056142.21407
21,436,4.0,1325489957.99039
21,2986,4.0,1375732620.87771
21,2091,0.0,1312823944.24659
21,1473,4.0,1314052072.07134
21,15,0.0,1311308927.10451
21,359,4.0,1346455828.29584
21,170,0.0,1316309202.69166
21,1379,-8.0,1338941933.33845
21,3034,0.0,1330851549.04089
21,3038,4.0,1343167148.74478
21,3028,0.0,1322966857.58801
21,238,0.0,1310297023.38162
21,177,4.0,1320774235.87731
21,329,4.0,1343094333.95804
21,340,0.0,1319617836.20944
21,3032,4.0,1328754117.0146
227,64,4.0,1336505841.58953
227,178,4.0,1340914943.60404
227,226,0.0,1391552848.42167
227,173,4.0,1345572663.76148
227,1524,0.0,1397241218.11445
227,1338,0.0,1372253188.81191
227,2659,4.0,1332551413.46892
227,1595,4.0,1389355810.03015
227,737,4.0,1357313890.12985
227,359,4.0,1344267230.57192
227,3308,0.0,1328218227.38745
227,244,4.0,1395941154.24724
227,25,4.0,1337874112.56857
227,2139,4.0,1368733261.71766
227,3379,-8.0,1371147116.86489
227,1555,0.0,1383538173.04918
227,1991,4.0,1390858821.61158
227,238,8.0,1363802772.9296
227,3241,4.0,1385781827.61764
227,2694,-8.0,1376512177.9526
227,2819,0.0,1407179209.15999
227,357,-4.0,1410273607.14055
227,1340,4.0,1416586351.29618
227,2289,4.0,1363106899.82052
227,2448,0.0,1353946222.7486
227,1536,0.0,1360630615.44633
227,367,0.0,1342542702.08825
227,1212,4.0,1428956679.93265
227,2698,-8.0,1376512181.08878
227,2026,-8.0,1376512171.87572
227,857,0.0,1323884031.00951
227,1584,0.0,1370795153.96139
227,184,0.0,1367944625.33043
227,246,8.0,1412955363.83745
227,202,4.0,1333030659.15707
227,1682,4.0,1385566316.03876
227,250,0.0,1368744057.19203
227,895,4.0,1358306021.80349
227,409,4.0,1386615807.74346
227,2996,4.0,1368109667.42059
227,1554,0.0,1359346397.96369
227,82,0.0,1366996808.73278
227,1402,4.0,1371146728.96935
227,3378,0.0,1365526782.20283
227,281,4.0,1345828559.05436
227,2696,-8.0,1376512178.96197
227,1936,4.0,1363709688.75423
227,2024,-8.0,1376512172.89166
227,254,8.0,1388502318.59642
227,2798,0.0,1345428858.4599
227,231,4.0,1359261955.64542
227,187,0.0,1336233794.42161
227,285,0.0,1348253550.02175
227,1437,0.0,1417447613.45061
227,2771,0.0,1364402007.69213
227,258,0.0,1369757245.65374
227,3376,0.0,1358438161.82376
227,2207,4.0,1372863014.28951
227,1775,0.0,1342753453.01528
227,188,8.0,1438619003.761
227,5156,0.0,1363198457.24117
227,1093,0.0,1371499599.21631
227,1076,0.0,1367526814.88528
227,421,8.0,1371150518.11452
227,1819,4.0,1327515542.85022
227,235,4.0,1423244406.63522
227,26,4.0,1353123092.17049
227,224,4.0,1426868199.67432
227,1370,4.0,1362586519.44429
227,360,0.0,1361412489.03047
227,2032,-8.0,1376512183.04832
227,343,0.0,1356740324.63616
227,197,4.0,1380652480.23636
227,1397,0.0,1361297690.29672
227,3380,-8.0,1376512179.97603
227,364,4.0,1333040611.00786
227,239,4.0,1438617462.4325
227,1374,0.0,1417458237.44466
227,391,4.0,1356722306.30199
227,567,0.0,1340317802.69234
227,177,0.0,1329318289.08996
227,233,4.0,1354906864.15973
227,17,0.0,1390233552.45661
227,2023,-8.0,1376512176.94782
227,222,4.0,1363816172.81616
227,206,-8.0,1362605924.21259
227,205,0.0,1384368570.34002
227,182,4.0,1351043251.06766
227,2027,-8.0,1376512174.90569
227,2666,-4.0,1394212179.73376
227,3081,0.0,1355955034.09276
227,32,4.0,1371492538.59449
227,3375,0.0,1356718745.5859
227,2102,4.0,1386711407.97506
227,383,4.0,1365091674.41333
227,1501,8.0,1390233626.96774
227,420,0.0,1369256556.28296
227,234,4.0,1357833865.59024
227,1376,0.0,1325261771.56832
227,2697,-8.0,1376512181.99943
227,36,4.0,1365437834.23168
227,2025,-8.0,1376512173.88791
227,1576,0.0,1347928687.34989
227,208,4.0,1391814239.73785
227,1566,0.0,1348587858.09136
227,2029,-8.0,1376512175.92973
227,232,4.0,1387050904.26382
227,2110,0.0,1359086480.81723
227,614,4.0,1332779376.4802
227,1526,4.0,1369334787.64038
227,3377,0.0,1363133566.37134
227,1503,0.0,1367947096.78455
227,3381,0.0,1398969911.86989
227,1388,8.0,1391452285.37346
227,3060,0.0,1369342428.59906
388,232,0.0,1373296852.5501
388,64,0.0,1357800352.43082
388,1523,4.0,1354610522.82852
388,24,0.0,1353435457.5317
388,2153,4.0,1363280070.39127
388,184,0.0,1358469734.8183
388,97,0.0,1367853692.37643
388,2954,0.0,1360591217.03681
388,3951,-4.0,1358520495.86908
1646,1441,4.0,1341259015.99743
1646,1762,4.0,1339907728.89858
1646,380,8.0,1363102349.51353
1646,3012,4.0,1364153873.78454
1646,246,0.0,1339327650.01811
1646,275,0.0,1336841895.06149
1646,24,4.0,1345405536.37484
1646,263,0.0,1341224741.69135
1646,357,4.0,1343059708.85468
1646,1197,4.0,1362753378.24313
1646,1526,4.0,1362244585.74726
1646,1481,4.0,1341248573.80764
1646,3892,0.0,1349803614.89167
1646,1866,0.0,1347979895.76453
1646,800,0.0,1349002644.74236
1646,3082,4.0,1347376387.90885
1646,152,-4.0,1378334481.99598
1646,2312,0.0,1344462566.48264
1646,1027,0.0,1377348087.18452
1646,2819,0.0,1345111151.4608
1646,1221,0.0,1337546442.87431
1646,3351,8.0,1348591579.28469
1646,1314,8.0,1369724626.00698
1646,1391,0.0,1339423720.96939
1646,586,-8.0,1364650030.57585
1646,585,-8.0,1364650021.23135
1646,3413,4.0,1341479443.49031
1646,1867,0.0,1339349196.8912
1646,182,0.0,1335696133.63519
1646,3891,0.0,1336916520.62366
1646,1403,4.0,1343073117.73512
1646,779,8.0,1348816791.25721
1646,208,0.0,1339349382.0216
1646,2167,4.0,1371484903.69733
1646,3893,0.0,1359573485.00732
1646,578,4.0,1341829756.90296
2141,2181,0.0,1307617618.81806
2141,306,0.0,1307673226.05187
2141,2084,4.0,1307767937.28663
2141,275,8.0,1307700864.73325
2141,1548,4.0,1307716545.58676
2141,487,4.0,1307627569.11932
2141,68,-8.0,1308623124.89468
2141,14,4.0,1307691837.56462
2141,273,4.0,1308300678.07131
1503,357,-8.0,1350427676.44019
1503,258,-8.0,1439989245.26633
1503,152,0.0,1366241648.30353
1503,343,8.0,1346969085.15628
1503,398,4.0,1354051247.48576
1503,1391,-8.0,1342287346.47805
1503,197,8.0,1390625414.49268
1503,26,4.0,1358823843.87409
1503,254,8.0,1367890132.2657
1503,3250,4.0,1331082491.5221
1503,286,8.0,1367890192.19365
187,1985,4.0,1326951813.95439
187,196,4.0,1334614042.00287
187,2905,4.0,1330823442.63909
187,254,4.0,1338668723.25966
187,1565,0.0,1338098716.90359
187,231,4.0,1338305175.02766
187,208,4.0,1328672819.8401
187,421,4.0,1335495462.77545
187,2819,0.0,1329532893.85302
187,246,4.0,1338071566.92047
187,202,4.0,1330406780.70472
187,3046,4.0,1328474895.28624
187,1527,0.0,1328470695.24946
187,3422,0.0,1338167299.64321
187,1946,0.0,1330050572.67888
187,193,0.0,1329767589.41162
187,2257,0.0,1327046614.41871
187,335,0.0,1338163619.88089
187,1485,4.0,1328250986.91572
187,218,4.0,1337975312.10181
187,184,4.0,1330068133.59746
187,226,4.0,1345329476.99154
187,3016,0.0,1338098736.47729
187,1622,0.0,1326584391.97749
187,23,4.0,1341316737.7151
187,3264,0.0,1329532857.12558
187,3423,0.0,1338167304.47888
187,2653,0.0,1329758602.2995
187,424,0.0,1329607908.38477
187,374,4.0,1330808475.72298
3122,3125,0.0,1414542266.86971
3122,3064,4.0,1414622369.18725
3122,1,4.0,1406129874.04564
3122,3107,0.0,1412725922.47
3122,5090,4.0,1414283172.36768
3122,5833,4.0,1415110155.05804
3122,3105,4.0,1402822934.5728
3122,5094,8.0,1412723252.55068
3122,79,4.0,1427813971.0613
3122,5165,0.0,1406123964.48633
3122,2254,4.0,1413380655.79506
3122,5089,4.0,1412725836.07915
3122,3941,0.0,1414542038.25538
231,3841,0.0,1369266941.13356
231,3081,0.0,1355954957.18688
231,1754,0.0,1353703239.6503
231,3983,-8.0,1387181612.24204
231,3791,0.0,1354218310.58872
231,3774,0.0,1352842687.09896
231,366,0.0,1352295145.20975
231,3845,4.0,1377041492.20645
231,1798,4.0,1363035300.59895
231,285,0.0,1348650632.66914
231,3764,0.0,1352295218.2391
231,4899,0.0,1361383966.21459
231,3835,0.0,1365118150.85035
231,994,0.0,1352850239.29667
231,3818,0.0,1359676269.72229
231,3801,0.0,1355792178.50881
231,3795,4.0,1354409723.08313
231,3778,4.0,1353654553.57293
231,3849,0.0,1392221541.76138
231,3832,0.0,1364330771.79175
231,610,8.0,1387823948.94466
231,3248,0.0,1354053743.99758
231,3768,4.0,1352295331.10377
231,3822,4.0,1361999811.15535
231,1566,-8.0,1344997338.00595
231,3772,0.0,1352343289.81327
231,3755,0.0,1352293204.7136
231,3843,0.0,1369832905.12452
231,3826,0.0,1363118694.82509
231,249,4.0,1343765267.55146
231,850,0.0,1359641396.40266
231,3799,4.0,1355689765.71857
231,3782,0.0,1354052355.2254
231,560,4.0,1354103162.21233
231,3765,0.0,1352295247.04228
231,3853,-8.0,1394236367.6847
231,3252,0.0,1354226140.6492
231,2428,0.0,1352295003.57007
231,3786,4.0,1354065334.97375
231,1570,-8.0,1348606907.50442
231,898,4.0,1353525220.08118
231,3776,8.0,1353172689.89793
231,368,-8.0,1359154879.32064
231,3759,0.0,1352294917.33327
231,3847,0.0,1383745283.05523
231,3830,0.0,1363808471.37768
231,3813,0.0,1358770499.74689
231,3803,0.0,1355876709.51032
231,2060,4.0,1369316949.95267
231,3753,0.0,1344856079.94014
231,3824,0.0,1362350468.27567
231,3807,4.0,1357261702.74405
231,1159,0.0,1389637086.7073
231,3780,0.0,1353879054.45121
231,3763,0.0,1352295190.93339
231,3108,-8.0,1453555965.54019
231,3851,-8.0,1392543538.46543
231,3834,0.0,1365115416.84114
231,835,4.0,1355666510.71505
231,426,0.0,1404309237.17834
231,3064,4.0,1358519248.34321
231,3976,-8.0,1387181861.1956
231,1497,8.0,1399500289.53286
231,1568,-8.0,1348606701.98923
231,3767,0.0,1352295268.92961
231,3757,0.0,1352294828.36252
231,3838,0.0,1366255035.48048
231,2997,4.0,1394244382.32494
231,862,-8.0,1412704304.31105
231,3828,4.0,1363731123.03304
231,3811,4.0,1358169186.93517
231,3980,-8.0,1387181653.00516
231,234,0.0,1352293743.40461
231,4777,8.0,1352285048.73985
231,3784,4.0,1358370257.80428
231,3855,0.0,1410179475.20928
231,229,0.0,1387049302.78459
231,226,4.0,1355587635.63029
231,2133,0.0,1411667214.8494
231,3805,4.0,1356723488.98071
231,3788,4.0,1354208945.32023
231,3771,4.0,1352295429.26473
231,2052,4.0,1355426018.68003
231,363,4.0,1352349836.17166
231,3761,0.0,1352295123.21405
231,3842,0.0,1369422252.8588
231,1265,0.0,1430863673.23538
231,282,0.0,1334871151.73996
231,3984,-8.0,1387181527.20138
231,3143,0.0,1358052217.73318
231,2248,0.0,1353511153.98703
231,3815,-8.0,1359499654.61701
231,2285,4.0,1351189157.56779
231,2684,-8.0,1381914416.61994
231,3836,4.0,1365193447.68899
231,1586,4.0,1375185774.16181
231,3978,-8.0,1387182693.07836
231,2995,0.0,1352158429.42343
231,3819,0.0,1360799550.92511
231,3809,4.0,1357690450.49898
231,3792,0.0,1354223253.21782
231,3775,0.0,1353010570.22168
231,232,4.0,1374261655.13815
231,3846,0.0,1377565171.23544
231,357,0.0,1340836181.14523
231,3769,4.0,1352295350.78476
231,3752,0.0,1343422192.03246
231,3840,4.0,1366682903.26487
231,3823,4.0,1362055185.68608
231,246,0.0,1355957783.47263
231,2124,4.0,1353695760.57539
231,3796,4.0,1354484586.88741
231,3418,4.0,1337728138.59267
231,3817,8.0,1359554280.63665
231,3800,0.0,1355755739.34596
231,1567,-8.0,1348606483.51629
231,3854,0.0,1397945151.39458
231,3790,0.0,1354216410.96855
231,3773,0.0,1352492483.56826
231,3756,0.0,1352294824.0695
231,3844,4.0,1376412032.98434
231,3827,4.0,1363633463.62268
231,26,4.0,1377463892.46875
231,1801,8.0,1359551716.51954
231,1943,4.0,1350253930.42584
231,359,4.0,1342294643.81077
231,254,8.0,1351655726.02656
231,3821,4.0,1361974662.36567
231,3804,8.0,1356064794.73163
231,3787,0.0,1354208899.38403
231,3794,4.0,1354912898.5229
231,3777,0.0,1353617602.94985
231,3848,4.0,1392061218.85928
231,3798,4.0,1355586461.38517
231,3781,0.0,1353975897.50372
231,3852,0.0,1394211421.67635
231,3011,0.0,1365034243.92504
231,3754,4.0,1351116779.75714
231,3825,4.0,1363025403.17977
231,3808,4.0,1357336981.21937
231,3977,-8.0,1387182401.41459
231,383,0.0,1341322470.23329
231,728,0.0,1388006504.11858
231,3038,0.0,1343425962.61352
231,25,-8.0,1351188528.16039
231,3812,4.0,1358371001.6166
231,1890,4.0,1386819895.66546
231,3802,4.0,1355847887.8781
231,394,4.0,1359371691.20515
231,3785,0.0,1354063788.46991
231,3856,4.0,1418198664.27335
231,3758,0.0,1352294856.81013
231,3839,4.0,1366388238.8577
231,3829,0.0,1363806453.16383
231,3468,4.0,1334098095.39792
231,3779,0.0,1353878452.42636
231,3762,4.0,1351644127.61641
231,3850,8.0,1392588004.1246
231,354,0.0,1341352209.10811
231,3745,4.0,1353976521.20827
231,874,0.0,1352293192.19757
231,3833,0.0,1365109715.95198
231,3816,8.0,1359552025.13496
231,239,8.0,1415368404.32864
231,3718,4.0,1351580808.24627
231,3806,-8.0,1356810503.21755
231,3789,0.0,1354212614.96811
231,3482,4.0,1334037859.85446
231,233,0.0,1354065538.2226
231,3793,0.0,1354234702.43636
231,3783,4.0,1354101816.81267
231,36,4.0,1354063244.12409
231,3766,0.0,1352295262.25571
231,2270,4.0,1334092942.57598
231,3837,4.0,1365373105.37955
231,3820,4.0,1363289066.4099
231,3253,0.0,1353610203.0718
231,3979,-8.0,1387182874.11286
231,3810,0.0,1357812581.67593
231,3760,4.0,1351882347.04167
231,3831,0.0,1363836017.58811
231,909,0.0,1354310418.98381
231,3814,4.0,1359408397.75839
231,3797,4.0,1354573365.2261
231,35,4.0,1348879183.5507
231,3770,4.0,1352295390.07617
2968,3020,0.0,1311732737.01219
2968,2092,0.0,1310556851.91323
2968,3019,0.0,1311633157.43921
2968,2081,0.0,1310417768.86312
2968,663,0.0,1311373813.97356
2968,1551,0.0,1310603166.45084
2968,651,0.0,1311596922.51866
2968,660,0.0,1313534242.12686
2968,3018,0.0,1311285153.59201
2968,2190,0.0,1311526209.90036
2968,2321,0.0,1310037317.48751
32,291,0.0,1370394690.14105
32,1622,0.0,1335027439.62512
32,3517,4.0,1376687628.64974
32,2764,0.0,1354478556.09656
32,1595,0.0,1344015824.44618
32,2200,4.0,1356057783.97727
32,3511,4.0,1347728473.61364
32,2102,4.0,1346943863.91324
32,863,0.0,1362158832.66527
32,1501,4.0,1395017339.59686
32,64,0.0,1344553851.90069
32,1731,0.0,1376594427.04484
32,3521,4.0,1393827612.21526
32,184,4.0,1359343628.01665
32,2150,-8.0,1347996919.09458
32,2292,4.0,1375741364.47158
32,380,4.0,1408715816.88467
32,245,4.0,1374425770.20432
32,3515,0.0,1372796512.14717
32,249,4.0,1376779517.38103
32,232,4.0,1419543585.37339
32,1029,0.0,1367383521.09266
32,374,0.0,1343317762.23731
32,1340,4.0,1417126306.94993
32,209,4.0,1342710988.8977
32,800,4.0,1349046151.33819
32,3519,-8.0,1377839433.99825
32,1935,4.0,1344574595.21442
32,2749,0.0,1356826079.13818
32,1388,4.0,1382141324.37676
32,2219,0.0,1385151465.37331
32,2682,0.0,1362290750.53688
32,858,4.0,1375842375.61182
32,432,0.0,1392919580.62764
32,0,0.0,1355010982.88599
32,2277,0.0,1347575965.23312
32,426,0.0,1403549114.57838
32,63,4.0,1365616406.8274
32,1409,4.0,1359091521.21383
32,3375,0.0,1356759142.13638
32,622,4.0,1366476926.49483
32,244,4.0,1390689886.38673
32,234,0.0,1351470255.1657
32,12,0.0,1338998922.63657
32,200,0.0,1348852728.4164
32,359,4.0,1347309205.33127
32,3335,0.0,1376590793.69315
32,211,0.0,1349568709.8685
32,434,0.0,1423858287.62558
32,1991,0.0,1386743988.54613
32,1400,4.0,1386269311.68384
32,407,0.0,1367469065.57611
32,36,4.0,1354392600.99379
32,1110,4.0,1377032491.78115
32,421,8.0,1384134182.54418
32,2715,-8.0,1385847821.17472
32,3512,0.0,1347728405.11875
32,246,0.0,1359641636.0284
32,1982,0.0,1335580174.82036
32,425,4.0,1392921584.97695
32,922,0.0,1370813273.66013
32,567,4.0,1347940719.34448
32,895,4.0,1354932148.09803
32,3516,0.0,1374207447.59808
32,402,0.0,1365528945.02549
32,1554,4.0,1339099070.83148
32,1642,4.0,1397078330.69703
32,561,0.0,1347730861.62016
32,3520,0.0,1382842401.99084
32,1385,0.0,1349371975.43051
32,26,4.0,1447200841.99219
32,254,4.0,1348937006.38457
32,3510,0.0,1345259819.45124
32,237,4.0,1361038829.00856
32,1122,0.0,1369414687.16728
32,369,0.0,1347312390.098
32,2247,4.0,1354160757.7442
32,335,4.0,1346178195.64273
32,3071,0.0,1378240451.62065
32,805,4.0,1360341476.69339
32,3514,4.0,1365366149.4349
32,3518,0.0,1376970131.54326
32,2130,4.0,1438309251.01639
32,360,0.0,1349218694.90513
32,1191,0.0,1417044981.15314
32,239,4.0,1386001182.64054
32,381,0.0,1362838369.49876
32,364,4.0,1366989556.14553
32,2242,-8.0,1377796608.38262
32,233,4.0,1373401252.23035
32,560,4.0,1347988026.66185
32,2685,0.0,1370058528.64726
32,2236,0.0,1356105834.75244
32,226,4.0,1349045210.00503
32,1635,0.0,1367162726.44612
32,3513,0.0,1357258319.78625
32,2213,4.0,1377030489.53368
3081,2018,0.0,1362910222.06848
3081,1527,4.0,1355955365.08625
3081,380,0.0,1409154527.42743
3081,2253,0.0,1394004562.68704
3081,1524,0.0,1397196875.39057
3081,132,4.0,1355955574.79677
3081,221,0.0,1355955482.46445
170,3135,0.0,1319836394.86372
170,68,-8.0,1319023849.57626
170,676,4.0,1324042079.28187
170,254,4.0,1319006992.17227
170,101,0.0,1326580514.04734
170,246,4.0,1319637619.0595
170,3134,0.0,1311569345.74588
170,709,0.0,1311355382.44481
170,25,4.0,1337874683.9372
5159,1532,0.0,1398406245.78312
5159,3107,0.0,1401779599.80127
5159,1528,4.0,1408247995.48615
5159,1685,0.0,1398402373.46082
25,1376,0.0,1326125845.85753
25,184,-8.0,1348521372.2422
25,380,-8.0,1352686595.66215
25,2275,-8.0,1346262224.76575
25,1265,0.0,1359081925.4041
25,3160,0.0,1323224000.69634
25,718,4.0,1326435447.22253
25,188,8.0,1337872521.98737
25,708,0.0,1322976194.17095
25,4322,0.0,1347903414.34914
25,614,4.0,1337874616.65777
25,12,4.0,1320952688.05671
25,219,8.0,1337873160.62477
25,2617,0.0,1320950159.47142
25,1939,4.0,1328659544.24406
25,2081,0.0,1318453843.44901
25,601,4.0,1337874715.34788
25,162,0.0,1320953497.51033
25,1676,4.0,1329229990.46952
25,676,0.0,1321244897.51851
25,2095,0.0,1312985706.10442
25,1484,4.0,1318094598.24818
25,3159,0.0,1321373838.51052
25,2798,-8.0,1421954364.43671
25,177,4.0,1331778652.76706
25,728,-8.0,1346916202.22848
25,167,0.0,1320799249.51795
25,853,-8.0,1403386505.32089
25,181,4.0,1320021876.52184
25,208,8.0,1337873368.65604
25,3157,4.0,1314734323.4348
25,2245,-8.0,1350693050.16154
25,421,-8.0,1347409555.77566
25,803,0.0,1320870589.22412
25,2938,0.0,1312497761.40129
25,3161,0.0,1328331817.63915
25,398,8.0,1352051607.95249
25,246,4.0,1337874079.16065
25,3107,-4.0,1399260670.13428
25,1364,0.0,1312787855.69252
25,709,0.0,1320864902.69473
25,37,-8.0,1347372415.34755
25,2182,0.0,1326155349.5517
25,189,-8.0,1347278724.28701
25,2253,0.0,1401633577.84038
25,3405,-8.0,1378688318.15447
25,160,4.0,1337874696.02356
25,3280,-8.0,1348236019.06442
25,281,8.0,1337872386.40797
25,264,-8.0,1346890182.48742
25,166,4.0,1326374874.94083
25,254,4.0,1337874755.47842
25,548,4.0,1314045408.22547
25,2034,0.0,1314031648.7417
25,3399,8.0,1341270929.4765
25,2109,0.0,1328569516.3602
25,285,-8.0,1346228247.95557
25,1197,0.0,1346111005.18936
25,1940,4.0,1324695937.95874
25,3163,-8.0,1346963442.34213
25,1295,0.0,1320791647.69601
25,694,4.0,1320881948.87846
25,165,0.0,1315614370.40454
25,48,0.0,1313420644.38584
25,1971,-8.0,1350119723.08303
25,0,-8.0,1346725456.3781
25,1441,8.0,1337873236.85038
25,1326,-8.0,1346747163.77447
25,1762,8.0,1337873203.45208
25,1391,-8.0,1346889659.92944
25,516,0.0,1313989813.7752
25,226,-4.0,1394681585.56522
25,314,4.0,1316878135.12542
25,3104,0.0,1407403262.74657
25,1935,-4.0,1347119242.00517
25,1351,0.0,1314419237.73425
25,3158,0.0,1321152935.02632
25,3094,0.0,1326825804.19232
25,3077,0.0,1322340928.69814
25,1564,-8.0,1359082036.44984
25,537,0.0,1312511151.88415
25,193,0.0,1347416073.44176
25,230,-8.0,1346749030.68518
25,318,4.0,1314418871.11552
25,3162,4.0,1337874606.14965
25,585,-8.0,1364313077.34564
25,1409,-8.0,1348097786.87746
25,1403,-8.0,1406385565.36248
25,1315,-8.0,1319068939.37778
25,3024,0.0,1312382630.12013
1374,3107,0.0,1398648626.7073
1374,1265,0.0,1430863923.17724
1374,3090,0.0,1408034506.08475
1374,26,4.0,1338857241.01643
1374,1527,4.0,1417118799.78472
1374,2253,0.0,1421111437.17761
1374,3017,0.0,1318349532.15836
1374,3125,0.0,1421111464.19799
1374,3213,0.0,1331924443.2696
1374,3265,4.0,1417455556.41195
1374,324,4.0,1332391188.601
1374,1566,0.0,1320066666.87263
1374,240,0.0,1409278558.41586
1374,1526,4.0,1399422826.64331
1374,1685,4.0,1417116386.01443
1374,197,4.0,1380652265.52674
1374,3064,4.0,1365361541.38874
1374,208,4.0,1331659787.53554
1374,1524,0.0,1397235191.65182
1374,2254,0.0,1407639891.7753
1374,3264,4.0,1338920792.69505
1374,177,4.0,1331245212.11862
1374,1528,0.0,1407640693.45469
1374,3099,0.0,1407639646.58647
1374,3124,0.0,1408247724.38406
1374,193,4.0,1328721468.64193
1374,3128,0.0,1408222988.53827
1374,152,0.0,1407640576.26604
1374,2971,0.0,1332228583.14527
1374,1529,0.0,1407639736.62072
1374,2255,0.0,1415790316.26475
191,3472,0.0,1331002206.46423
191,254,-8.0,1332788442.59438
191,3213,0.0,1329760211.84761
191,356,4.0,1330466182.02919
191,2238,4.0,1330458652.39502
191,64,-4.0,1332740903.69147
191,1622,4.0,1330748987.28139
191,447,4.0,1329760184.64235
191,1939,4.0,1330463548.79999
2252,152,4.0,1362801982.35411
3099,5800,0.0,1413429390.22493
3099,2253,4.0,1404058124.03871
3099,3107,0.0,1400200999.26346
3099,2254,0.0,1397694796.45549
3099,1526,4.0,1404312354.09249
3099,2255,0.0,1404061536.22697
3099,152,0.0,1397434427.33256
3099,1524,0.0,1397196723.81554
3099,1532,0.0,1398384720.84603
676,380,4.0,1341727418.78727
676,2954,4.0,1344938734.62377
676,357,0.0,1340744664.52197
676,1762,4.0,1337886608.56596
676,1935,4.0,1338220867.68661
676,1676,0.0,1341286055.25444
676,1866,8.0,1337886655.6019
676,691,0.0,1320318638.13826
676,3245,0.0,1322101769.79673
676,1411,0.0,1315911362.4145
676,3080,4.0,1335330977.51163
676,12,0.0,1315900901.79193
676,2149,0.0,1322526076.70853
676,1485,0.0,1318209392.9482
676,310,4.0,1320256817.94229
676,254,4.0,1341477216.25461
197,188,4.0,1380652357.35972
197,1437,8.0,1358608580.19544
197,185,0.0,1336755462.76707
197,2167,8.0,1331135152.74891
197,2914,4.0,1380652581.21831
197,3039,0.0,1331905679.65915
197,1286,-8.0,1393479148.08526
197,915,-4.0,1376322523.23068
197,1388,4.0,1380652372.05724
197,426,-4.0,1410125343.06723
197,238,8.0,1358608757.20313
197,353,0.0,1340664142.80714
197,407,-8.0,1406762773.58771
197,3694,0.0,1380652341.34496
197,242,0.0,1379714031.53461
197,28,4.0,1378244428.29823
197,246,4.0,1357159179.47706
197,547,0.0,1380652379.46974
197,258,4.0,1380652277.39373
197,434,0.0,1382571146.93768
197,64,4.0,1375002838.13683
197,1377,4.0,1380652290.52703
197,208,4.0,1335159753.56493
197,184,4.0,1380652522.68355
197,1404,-4.0,1393629137.07812
197,212,4.0,1344486196.11962
197,233,0.0,1380652317.2852
197,2253,-4.0,1406769186.12604
197,2236,4.0,1380652330.98897
197,40,0.0,1350341566.79919
197,254,0.0,1380652256.91933
197,3213,4.0,1335159724.89342
173,1622,0.0,1325546980.69827
173,234,0.0,1344882015.08096
173,64,4.0,1340469153.05033
173,1501,4.0,1378232460.33287
173,2991,0.0,1356300951.83906
173,3285,0.0,1321277073.56315
173,286,0.0,1345582183.75665
173,2083,0.0,1362001455.62036
173,3289,8.0,1353406068.03874
173,2688,0.0,1371742832.58179
173,803,4.0,1327008473.6241
173,2955,0.0,1345834508.08736
173,263,0.0,1339491367.2535
173,561,0.0,1344882502.74812
173,240,4.0,1382799631.74774
173,3287,4.0,1325434357.37141
173,622,0.0,1364820847.02467
173,2007,4.0,1320614452.71765
173,342,0.0,1322047055.14215
173,2362,0.0,1340650009.90625
173,177,0.0,1323376050.49913
173,1427,0.0,1340555138.54913
173,559,4.0,1345492528.71298
173,208,8.0,1330179670.65035
173,1039,0.0,1364821218.04446
173,421,4.0,1377113369.63452
173,2971,0.0,1328725820.12389
173,246,0.0,1321133147.34942
173,212,0.0,1340555547.56648
173,1408,4.0,1323292663.74903
173,567,0.0,1340649980.73258
173,3286,0.0,1322157471.38263
173,709,4.0,1323376704.57437
173,189,0.0,1334873693.10023
173,1658,0.0,1365059129.56621
173,233,0.0,1357594391.20414
173,1959,0.0,1364235573.36278
173,358,0.0,1340469700.91785
173,3290,0.0,1378021382.76578
173,1554,0.0,1330031172.79391
173,281,4.0,1328303026.22128
173,389,0.0,1350402871.14634
173,1602,0.0,1371413478.94664
173,1639,0.0,1345572856.10737
173,761,0.0,1335275769.99852
173,12,0.0,1347189089.83235
173,3288,-8.0,1340870558.92713
173,1376,4.0,1323292509.28036
173,98,0.0,1322301842.08505
173,333,0.0,1338601234.71455
173,239,8.0,1380486768.60336
173,249,0.0,1345570406.54421
173,232,0.0,1341160537.82582
173,324,4.0,1328739204.15028
173,1979,0.0,1322220160.00191
173,63,4.0,1382606609.71757
173,1935,0.0,1327083750.62001
173,1388,4.0,1345483124.72585
1481,148,4.0,1305947217.0416
1481,516,0.0,1307056771.90003
1481,363,4.0,1332972925.65606
1481,1328,0.0,1306380104.43721
1481,1645,0.0,1307055512.50988
1481,1357,4.0,1304346187.16027
1481,446,0.0,1298778315.23466
185,2542,8.0,1337217826.40963
185,779,8.0,1346708053.18148
185,12,0.0,1316290010.05079
185,2544,4.0,1349391091.09734
185,363,0.0,1333143997.7253
185,1371,0.0,1317491555.47543
185,202,-8.0,1337268764.21379
185,1425,4.0,1307077674.01415
185,655,4.0,1316300301.87263
185,709,0.0,1317520802.55702
185,254,4.0,1338154295.06329
185,329,0.0,1333428504.40938
185,3434,4.0,1340565141.44245
185,212,4.0,1338942105.53391
185,1489,0.0,1342215644.37684
185,2543,0.0,1337267735.20495
185,189,0.0,1333400644.98497
4005,1391,4.0,1337098340.37992
4005,886,0.0,1352909732.10211
4005,4052,8.0,1437706563.74412
3130,2253,0.0,1427510635.9834
3130,3125,0.0,1427510646.21662
3130,1527,4.0,1438335218.69913
3130,5861,0.0,1451292970.15411
3130,3419,4.0,1431651568.34378
3130,1685,0.0,1413559686.21654
3130,2297,4.0,1422468054.23087
3120,2253,0.0,1397398540.86761
3120,3121,0.0,1414326997.0369
3120,1400,0.0,1397285929.25634
3120,3108,0.0,1409227371.3682
3120,1212,4.0,1397631198.89869
3120,246,4.0,1439836428.44712
3120,3514,4.0,1406671918.24601
3103,2253,0.0,1402634283.17928
3103,1529,0.0,1402635083.10491
3103,1527,0.0,1402633551.31757
3103,250,0.0,1402633396.37296
3103,240,0.0,1402634698.28969
3103,1528,0.0,1402636405.88264
1536,5089,8.0,1402976376.60442
1536,5093,4.0,1409600862.95383
1536,1524,0.0,1407892262.55524
1536,5857,4.0,1409408562.89226
1536,2770,0.0,1367615243.22337
1536,5090,8.0,1404111606.44053
1536,5094,8.0,1413245705.48143
1536,3105,8.0,1402437590.45624
1536,2832,0.0,1367298114.28508
1536,5092,8.0,1409370073.19948
1536,250,-8.0,1425979864.85569
1536,3107,0.0,1412813249.90197
1536,5091,4.0,1409331530.65117
1695,640,4.0,1308844478.8869
1695,68,0.0,1307663308.58059
1695,408,0.0,1307913035.30328
1695,241,0.0,1306384064.92757
1212,1491,0.0,1404742071.48152
1212,254,0.0,1365582970.44783
1212,622,0.0,1365440109.92452
1212,2687,0.0,1368180369.75257
1212,2255,0.0,1400831743.8799
1212,12,4.0,1410202456.62336
1212,2309,0.0,1375340753.27339
1212,5339,0.0,1365724647.33089
1212,3194,0.0,1398206013.86874
1212,2374,4.0,1396515878.15469
1212,3100,0.0,1398438801.94476
1212,3428,0.0,1402145377.94563
1212,251,0.0,1365600289.33902
1212,563,0.0,1434229893.58223
1212,5218,0.0,1421012669.9568
1212,3394,0.0,1427318165.73379
1212,1685,0.0,1397756265.49101
1212,402,-8.0,1366880103.79308
1212,1230,0.0,1399924326.86503
1212,26,4.0,1425917893.72548
1212,3064,4.0,1408554765.54155
1212,237,0.0,1402166873.23169
1212,1399,4.0,1436856243.12131
1212,2828,4.0,1427400889.55812
1212,1950,4.0,1397772819.05783
1212,1524,0.0,1401106778.13551
1212,5297,0.0,1397932756.48795
1212,2254,0.0,1399878413.62119
1212,5301,0.0,1404305290.28775
1212,1265,0.0,1430863808.1546
1212,380,-4.0,1402395710.52068
1212,246,0.0,1451249288.81226
1212,1586,0.0,1365508240.26066
1212,3880,0.0,1365604664.6204
1212,1526,0.0,1398184882.815
1212,1340,8.0,1427051405.04253
1212,5299,0.0,1399730645.13128
1212,559,0.0,1365438403.0014
1212,3124,4.0,1404127070.03344
1212,4698,8.0,1365250832.78962
1212,3097,0.0,1397770841.93526
1212,244,0.0,1401557881.29299
1212,5303,0.0,1424731120.35144
1212,3101,0.0,1398375820.94003
1212,1402,0.0,1422002321.86801
1212,233,0.0,1401910917.89267
1212,5219,0.0,1399133868.28773
1212,5338,0.0,1365455249.12121
1212,2214,-8.0,1399532437.0417
1212,1268,4.0,1424849248.10503
1212,5298,0.0,1398027100.2148
1212,250,0.0,1400618654.71607
1212,239,4.0,1397502495.87675
1212,5302,0.0,1411923096.41566
1212,3107,4.0,1410035724.50921
1212,5296,0.0,1365726829.61137
1212,240,4.0,1397252801.08668
1212,3962,0.0,1365678220.46488
1212,426,0.0,1404309222.54735
1212,435,4.0,1406098951.33523
1212,2297,4.0,1424165083.73086
1212,1767,-8.0,1398288042.53094
1212,1679,4.0,1428956647.2044
1212,5300,0.0,1399984470.36774
1212,1564,0.0,1400166734.3375
1212,2132,4.0,1412709480.90393
1212,3125,0.0,1417080916.09654
1212,5304,8.0,1449651300.78354
1212,4085,-8.0,1427727405.45389
2297,1891,0.0,1389895155.61264
2297,1769,0.0,1398529943.2399
2297,5714,4.0,1396463324.95421
2297,2725,0.0,1403734325.65243
2297,4472,4.0,1403303605.1953
2297,1492,0.0,1416279591.11756
2297,621,0.0,1388517823.96435
2297,2403,0.0,1392944860.45853
2297,1991,0.0,1396974812.91514
2297,2207,0.0,1388357125.40823
2297,1685,0.0,1397500467.94205
2297,5717,0.0,1411592674.02478
2297,2253,0.0,1399073309.15327
2297,5715,0.0,1401495745.85608
2297,1524,0.0,1407892241.64104
2297,5533,0.0,1391380731.79209
2297,3521,0.0,1393617163.27085
2297,387,-8.0,1397651421.28812
2297,224,4.0,1408754837.92368
2297,1286,0.0,1409153632.46862
2297,5802,0.0,1397409061.25186
2297,2448,0.0,1382473586.67235
2297,3110,0.0,1415053465.23775
2297,1340,0.0,1411149482.1683
2297,5718,4.0,1424465245.31703
2297,1527,0.0,1398982694.90565
2297,1196,0.0,1391321870.04701
2297,5716,8.0,1402124149.01826
2297,1400,0.0,1397280395.77465
1391,152,4.0,1339982910.99069
1391,1762,-8.0,1360115822.11598
1391,35,-4.0,1349873933.24136
1391,141,-8.0,1342287357.83988
1391,4006,0.0,1365544345.28047
208,561,0.0,1353092065.90872
208,1679,4.0,1410375148.68522
208,3077,0.0,1322965287.87502
208,3334,0.0,1351882060.49036
208,1750,0.0,1342481162.17339
208,2581,0.0,1335053651.35327
208,2652,-8.0,1328050997.85905
208,1980,-8.0,1326345492.55518
208,3213,0.0,1330279401.64575
208,383,8.0,1329816993.56019
208,2109,0.0,1329608151.89423
208,285,0.0,1345437232.26952
208,3332,4.0,1337797825.70161
208,1397,0.0,1323832654.55389
208,189,0.0,1332176497.09897
208,1566,0.0,1321522693.22857
208,222,0.0,1341261455.77088
208,1188,4.0,1329518905.06867
208,64,4.0,1339184765.81071
208,226,4.0,1339819733.95481
208,3327,0.0,1322096221.26621
208,858,0.0,1347673928.25383
208,345,4.0,1337314797.85953
208,160,4.0,1331775323.79162
208,2240,0.0,1332724787.51207
208,3206,0.0,1331669639.70767
208,1622,4.0,1342854325.04753
208,3331,0.0,1333067831.66909
208,2267,0.0,1333133465.59288
208,447,0.0,1326033587.14933
208,1933,0.0,1342929708.97166
208,3210,0.0,1325301575.85643
208,3335,0.0,1353118300.50656
208,1991,0.0,1389646294.39834
208,40,4.0,1350340632.52336
208,2150,0.0,1347242475.50639
208,2275,0.0,1342752195.06125
208,101,4.0,1324662640.63393
208,1762,0.0,1353010366.88306
208,35,-8.0,1353010254.77437
208,3329,0.0,1323789042.18465
208,2657,-8.0,1331489469.88453
208,718,0.0,1328275977.9323
208,286,4.0,1345560125.41105
208,184,0.0,1329614814.0853
208,3333,0.0,1347851693.18889
208,290,0.0,1353014503.68101
208,161,0.0,1322977723.64433
208,2273,0.0,1337907365.38669
208,3084,0.0,1343264066.20648
208,2264,0.0,1323806359.56242
208,254,4.0,1336433140.74471
208,2963,0.0,1337737533.41403
208,3328,0.0,1322500293.41287
208,1957,0.0,1334346563.36759
208,1940,0.0,1324616363.41525
208,188,0.0,1322761524.21846
208,3028,0.0,1322967872.91428
208,367,4.0,1340074583.51048
208,26,4.0,1356031437.22326
208,421,4.0,1355530624.43595
208,2819,0.0,1327894094.76492
208,3326,4.0,1321626592.19842
208,246,4.0,1347307574.37733
208,152,0.0,1322415709.61598
208,177,0.0,1325128124.37244
208,1354,4.0,1329869874.28785
208,3330,0.0,1332001280.79483
208,398,0.0,1324268999.98803
3124,1528,4.0,1398212229.59546
3124,5786,4.0,1403501049.21787
3124,1526,4.0,1398212254.57509
3124,1685,4.0,1397408918.12907
3124,2253,4.0,1395911845.41999
3124,152,4.0,1398212215.49851
3124,1529,4.0,1406071981.59615
3124,1524,0.0,1397196542.88596
3124,5712,0.0,1403483976.94734
252,251,4.0,1393431667.54565
252,1686,0.0,1411969406.45908
252,246,4.0,1348570411.47304
252,28,8.0,1378254727.18738
252,421,0.0,1374025239.58198
252,1610,4.0,1386880989.64439
252,232,4.0,1378254979.86243
252,249,0.0,1354431884.21642
252,238,4.0,1364316476.4243
252,1491,8.0,1392147200.83291
252,383,4.0,1378254996.33917
252,3110,4.0,1404687198.06827
252,199,4.0,1378254809.66031
252,1685,0.0,1409468253.01037
252,26,0.0,1354431629.95932
252,426,4.0,1407880354.32411
252,1265,0.0,1430863695.89628
3107,5094,0.0,1412367775.43655
3107,5165,0.0,1401813261.57377
3107,5219,4.0,1399131135.30143
3107,1532,4.0,1398361869.59069
3107,3064,4.0,1421769824.66927
3107,1950,0.0,1402688633.71078
3107,3132,0.0,1417958567.07952
3107,426,0.0,1406818281.00098
3107,3514,0.0,1406254537.11961
3107,188,0.0,1408114839.43942
3107,1400,0.0,1397781339.45434
3107,2211,0.0,1398919531.73624
3107,3109,0.0,1408334479.91064
3107,5217,4.0,1419824643.73793
3107,1586,-8.0,1410952230.65471
3107,52,-4.0,1399260688.41447
3107,383,0.0,1399259137.8702
3107,3090,0.0,1401815129.84189
3107,1887,0.0,1405545580.17193
3107,622,4.0,1399324441.66481
3107,250,0.0,1420817285.08348
3107,1527,4.0,1399232859.60325
3107,5340,-8.0,1408018224.56867
3107,4313,4.0,1412808473.43245
3107,421,0.0,1418128191.48292
3107,5212,0.0,1408208968.37096
3107,1528,4.0,1398114983.33554
3107,3125,4.0,1408334626.89296
3107,3105,0.0,1416227442.78141
3107,1403,0.0,1406130662.58652
3107,2254,4.0,1398641110.18126
3107,5216,4.0,1416792005.47196
3107,5206,0.0,1399181087.26839
3107,2102,0.0,1407882099.56627
3107,5210,0.0,1405791303.43895
3107,5078,-4.0,1405624282.59597
3107,3133,0.0,1418155506.08287
3107,1769,0.0,1398655779.35898
3107,3123,4.0,1415706019.80351
3107,5089,0.0,1412336802.51037
3107,2255,0.0,1406647600.85802
3107,1685,0.0,1412690213.83593
3107,5214,4.0,1416541450.93106
3107,3104,0.0,1407401258.92445
3107,1940,4.0,1397833946.53681
3107,238,0.0,1402143178.16823
3107,425,-8.0,1405900464.98903
3107,3127,0.0,1413652660.38828
3107,5208,4.0,1403555370.60999
3107,3110,0.0,1412820947.94591
3107,235,0.0,1408497027.66599
3107,5218,0.0,1421011156.72044
3107,3394,0.0,1399260509.17198
3107,1437,-8.0,1421684647.82355
3107,5205,0.0,1398291102.02304
3107,1492,-8.0,1407345821.91106
3107,1111,0.0,1399274559.01356
3107,36,4.0,1399259502.66349
3107,244,-4.0,1398886930.7434
3107,28,0.0,1406064019.83023
3107,5209,4.0,1404145320.63486
3107,232,-4.0,1419290867.73969
3107,1217,4.0,1404270334.87653
3107,1526,0.0,1413554198.5344
3107,26,4.0,1400422047.68943
3107,391,0.0,1398886462.28952
3107,5213,0.0,1409158849.68648
3107,233,4.0,1408045462.54229
3107,152,4.0,1399260024.5481
3107,5207,4.0,1396972858.5272
3107,380,0.0,1408287362.74334
3107,1972,0.0,1412613843.09409
3107,1535,0.0,1421100335.30568
3107,246,0.0,1400780103.1444
3107,5211,0.0,1407600689.33124
3107,2253,4.0,1406066159.77255
3107,3114,0.0,1413305545.99954
3107,3938,0.0,1398904504.8469
3107,1893,0.0,1407522302.51473
3107,5215,0.0,1416791487.43531
3107,239,-8.0,1408209791.74439
3107,1,0.0,1408107476.22615
3107,1524,0.0,1399259066.31297
1492,622,0.0,1392054773.90452
1492,2447,0.0,1380826170.74327
1492,1340,4.0,1431813132.92224
1492,1491,0.0,1395119735.42526
1492,1437,8.0,1429548954.64222
1492,3035,4.0,1376153740.29981
1492,5660,8.0,1407109105.29994
1492,3394,0.0,1431891927.49435
1492,422,0.0,1393397344.72216
1492,1678,4.0,1421970584.54797
1492,2131,8.0,1440038780.27746
1492,853,0.0,1419405844.95274
1492,407,4.0,1376612429.36062
1492,4276,4.0,1411924879.23854
1492,5347,8.0,1427898308.26095
1492,249,4.0,1426190498.0831
1492,391,4.0,1409890776.89061
1492,5658,0.0,1389758829.10961
1492,5378,0.0,1394851495.94262
1492,1680,4.0,1428954775.52081
1492,351,0.0,1426015364.85858
1492,425,4.0,1402461988.0256
1492,1582,0.0,1375508157.50907
1492,1191,0.0,1391302912.4971
1492,2133,4.0,1411842068.75457
1492,1586,0.0,1376628711.00745
1492,2721,0.0,1390169596.12251
1492,3022,4.0,1424038693.73453
1492,2715,0.0,1381717782.01841
1492,621,0.0,1385520686.58347
1492,244,4.0,1407604753.02207
1492,4620,0.0,1419409162.7856
1492,1217,4.0,1423960568.58917
1492,3739,0.0,1387603814.95502
1492,3996,8.0,1402548154.80417
1492,420,0.0,1383187888.50959
1492,233,0.0,1381887078.20759
1492,4557,0.0,1407884578.7345
1492,3679,-8.0,1409329486.59413
1492,1500,4.0,1414549801.17027
1492,2132,0.0,1406524392.19339
1492,5659,0.0,1395634022.05374
1492,1377,0.0,1423366272.14089
1492,1044,4.0,1408495226.80857
1492,3021,0.0,1415902293.29586
1492,372,0.0,1426100824.63672
1492,239,4.0,1408211176.73341
1492,2691,0.0,1376638157.86693
1492,1402,4.0,1411157416.47138
1492,409,4.0,1413151035.56965
1492,1110,8.0,1401129172.27855
1492,3384,0.0,1435668920.76548
1492,3641,4.0,1404342447.51078
1492,426,0.0,1403459760.93864
1492,2374,4.0,1391572978.52473
1492,5661,0.0,1425770597.18954
1492,3236,-8.0,1400597752.58792
1492,1230,4.0,1416527838.46335
1492,2831,4.0,1431813284.62624
1492,2814,4.0,1426636958.43085
1492,1564,0.0,1378528895.22794
1492,1497,0.0,1428083073.06569
1492,2774,0.0,1401682567.23042
1492,254,4.0,1392849477.93543
383,3269,4.0,1390836026.82782
383,285,-8.0,1342765139.75109
383,50,0.0,1305009863.73158
383,341,4.0,1415126014.38797
383,1138,-8.0,1386390480.20659
383,1395,0.0,1350927485.7071
383,1044,4.0,1365091576.61865
383,48,8.0,1302791427.3307
383,1399,8.0,1379619872.40382
383,420,0.0,1375595151.42726
383,1403,8.0,1377664736.74779
383,994,4.0,1356630308.76194
383,356,0.0,1341317956.34616
383,4909,0.0,1359159121.41269
383,1670,0.0,1308738236.39608
383,3997,0.0,1427555438.42327
383,177,8.0,1331400856.58313
383,64,8.0,1352414354.15969
383,1920,8.0,1347094868.84295
383,1991,0.0,1386037998.4399
383,1495,0.0,1352414397.50241
383,708,0.0,1322961904.25879
383,235,8.0,1342466369.60428
383,2809,8.0,1384374101.13851
383,2002,4.0,1358457650.98728
383,1161,-8.0,1386390579.77844
383,1870,4.0,1378168540.11022
383,5802,0.0,1402115576.39486
383,3377,0.0,1369588812.67229
383,5272,-8.0,1382329140.084
383,1624,0.0,1376767371.01847
383,4431,8.0,1376456484.2865
383,2742,8.0,1356630052.36327
383,1388,0.0,1392271666.76851
383,2131,0.0,1375595611.83112
383,1682,-8.0,1340293350.94323
383,503,8.0,1366168380.73033
383,2020,0.0,1329698267.85934
383,409,4.0,1377138874.5199
383,392,8.0,1363118850.17011
383,1409,0.0,1347257713.83155
383,249,-8.0,1348883927.76591
383,1801,0.0,1352063612.58735
383,74,4.0,1329025083.51764
383,3007,8.0,1337469767.53374
383,166,8.0,1323917484.50493
383,2389,0.0,1309013894.78018
383,1396,-8.0,1351279445.60853
383,4683,0.0,1365091635.03725
383,434,4.0,1384832336.49162
383,3869,8.0,1354147973.26591
383,380,0.0,1409157873.52415
383,4501,4.0,1363972294.4873
383,2819,4.0,1407019916.70464
383,29,8.0,1289555841.66508
383,2245,8.0,1312349215.33253
383,421,-8.0,1351283119.89065
383,343,0.0,1357091803.37774
383,2370,0.0,1377664696.55555
383,4522,8.0,1346820984.43457
383,2786,0.0,1372285382.69846
383,2310,8.0,1384887615.40099
383,398,8.0,1323398651.82621
383,357,8.0,1339615758.13666
383,496,0.0,1370032323.57796
383,1408,4.0,1311372474.26936
383,567,8.0,1344456798.68237
383,959,-8.0,1359247711.17127
383,244,4.0,1385008349.52496
383,3067,0.0,1377667674.34178
383,1402,8.0,1352178691.10461
383,1074,0.0,1370032280.05015
383,233,8.0,1354147925.0237
383,2750,0.0,1356730541.93803
383,131,4.0,1295282631.45186
383,1581,-8.0,1371085541.63973
383,26,0.0,1396914528.39857
383,3405,8.0,1341632490.54687
383,281,-8.0,1328605857.37669
383,2798,8.0,1342671133.07342
383,202,8.0,1328605878.88165
383,158,0.0,1332740247.33249
383,91,0.0,1296609273.32248
383,4791,-8.0,1399869625.05993
383,1197,8.0,1336104476.53727
383,3447,8.0,1352178676.038
383,1491,-8.0,1413296966.31597
383,1890,8.0,1386390518.02321
383,792,4.0,1343242431.11402
383,364,8.0,1371085803.06671
383,404,0.0,1368190485.29078
383,68,8.0,1307589524.28958
383,1441,8.0,1325602259.35191
383,160,-8.0,1331750052.27817
5090,5089,4.0,1412727291.39575
5090,2253,0.0,1404259645.02908
5090,5094,4.0,1414283973.44135
5090,3105,4.0,1411033351.25578
5090,2254,0.0,1407709173.13551
52,1343,4.0,1298844298.06062
52,590,0.0,1294249080.61302
52,2211,-8.0,1398654129.91552
52,1529,0.0,1393376777.75642
52,9,8.0,1306820448.06826
52,1827,4.0,1304577808.20657
52,2253,-8.0,1393387325.82627
52,260,4.0,1303531650.07417
52,226,-8.0,1394681601.89042
52,3104,0.0,1348959210.10041
52,1328,4.0,1304050444.66638
52,1453,0.0,1301901475.36796
52,48,0.0,1300864405.05485
52,132,4.0,1304137573.44221
52,3997,-4.0,1429307652.85074
52,43,4.0,1295213513.50181
52,184,4.0,1359273661.55148
52,272,4.0,1304666524.98448
52,1326,8.0,1345357216.07717
52,1526,-8.0,1393387214.64126
52,2104,0.0,1305373908.04765
52,466,0.0,1304082886.16874
52,1,8.0,1301898738.21734
52,426,-4.0,1410125455.82772
52,114,0.0,1303640911.48296
52,1528,-8.0,1393391820.35721
52,4460,0.0,1393375565.37397
52,461,0.0,1303703560.66143
52,380,0.0,1359514509.31089
52,296,0.0,1300330194.91876
52,157,4.0,1308284434.0247
52,1475,0.0,1299758045.42469
52,1732,0.0,1313945297.26286
52,1634,0.0,1307859884.36617
52,2583,-8.0,1392383317.25557
52,240,-8.0,1395907613.83415
52,250,-8.0,1398339473.77933
52,1521,0.0,1393534608.53875
52,352,0.0,1392409966.9321
52,477,4.0,1303875882.5386
52,853,-8.0,1403386792.83471
3097,5802,4.0,1409272948.04109
1526,152,4.0,1398169709.72389
1526,380,0.0,1374935669.96693
1526,2254,0.0,1406129332.60392
1526,1524,0.0,1397196402.13485
1526,1297,0.0,1392158759.6657
1526,1577,0.0,1369335369.1963
1526,1527,4.0,1398170352.46826
1526,2253,0.0,1394003460.65074
1526,5219,0.0,1399135053.2372
1526,3088,-8.0,1392158346.06514
1526,250,4.0,1398180168.87532
1526,240,4.0,1414847190.71009
1526,1529,4.0,1398170073.84148
1526,1685,4.0,1410026604.5286
1526,3098,4.0,1398173125.22865
1526,2257,-8.0,1392158273.33806
1526,3064,4.0,1399136500.57939
1526,1528,4.0,1398169772.00623
1526,1862,0.0,1392158185.30785
1526,3085,0.0,1392158108.88683
1526,5564,4.0,1383349759.39471
1526,39,-8.0,1392158423.82367
1526,1532,4.0,1398378694.26326
1526,1197,0.0,1392157655.41013
1526,1441,8.0,1392160370.1721
1685,1529,4.0,1405107564.37271
1685,4272,0.0,1398799081.39118
1685,2256,0.0,1403495212.13829
1685,5161,0.0,1406667655.96023
1685,3118,4.0,1413493491.61487
1685,1564,4.0,1397408720.49976
1685,1044,0.0,1421094191.36118
1685,5219,0.0,1399133911.42194
1685,5104,4.0,1404955941.08955
1685,1678,0.0,1419544860.63113
1685,5165,0.0,1431739263.55517
1685,250,4.0,1397408797.56047
1685,1527,4.0,1415475971.2683
1685,1525,0.0,1397666898.38335
1685,3113,4.0,1411925842.38832
1685,5160,0.0,1400008063.24051
1685,4313,0.0,1417031266.78221
1685,2253,4.0,1397408816.45388
1685,5158,0.0,1397325356.15171
1685,2132,0.0,1404180341.03661
1685,5162,0.0,1407080906.70174
1685,1950,0.0,1417080543.08686
1685,1528,4.0,1407290790.98915
1685,3096,0.0,1397328067.37793
1685,3265,0.0,1417386097.22035
1685,2255,0.0,1415790298.67738
1685,3110,-8.0,1403942606.64445
1685,5164,0.0,1418355995.76095
1685,3104,0.0,1402700331.34795
1685,152,4.0,1396125387.82953
1685,72,-4.0,1421902061.10564
1685,3064,4.0,1397408872.49371
1685,1524,0.0,1397196382.86385
1685,2254,4.0,1397408905.24443
1685,1532,0.0,1398355484.42473
1685,3126,0.0,1417080516.25829
1685,5163,0.0,1413753357.9913
1685,1623,4.0,1397667986.28822
212,2396,0.0,1309316630.13524
212,1369,0.0,1317245378.50506
212,238,0.0,1312528017.32365
212,2356,4.0,1305847624.9164
212,2400,0.0,1345346091.00816
212,286,0.0,1347404665.69318
212,2395,4.0,1306016211.95447
212,2399,0.0,1345203896.33055
212,206,0.0,1311822312.38389
212,285,0.0,1340566222.15518
212,64,4.0,1340554322.06996
212,606,0.0,1307065278.86575
212,160,4.0,1310517532.54437
212,1566,0.0,1347458498.94769
212,2397,0.0,1311825044.06137
212,1948,0.0,1346595433.13634
212,249,0.0,1336878494.18242
212,318,0.0,1313655825.65608
212,541,0.0,1307258186.8996
212,1626,0.0,1310285965.23334
212,2394,8.0,1305853623.59244
212,1367,8.0,1313445352.71222
212,1455,4.0,1306013215.07485
212,2398,0.0,1345203850.76834
212,835,0.0,1347458514.64065
1762,380,0.0,1408088839.20768
1762,1971,0.0,1351250069.19409
1762,109,4.0,1339192758.22687
1762,2910,4.0,1339907009.33445
1762,3488,0.0,1339907116.5399
1762,3323,4.0,1344123789.41064
1762,1561,4.0,1339907401.53933
1762,3692,0.0,1344123242.3331
1762,2926,0.0,1339906850.12125
1762,3690,0.0,1334280963.06048
1762,2275,0.0,1341416280.19229
1762,1866,4.0,1339907882.44224
1762,1527,0.0,1352142069.30304
1762,3080,4.0,1334280154.97853
1762,23,0.0,1346281606.2335
1762,3322,4.0,1346279549.85706
1762,3691,0.0,1342302173.2918
1762,536,4.0,1341985773.56457
1762,1197,-8.0,1357526455.7704
1762,1622,4.0,1345683578.57547
1762,132,8.0,1331085517.96909
1762,3405,4.0,1344124302.99632
1762,1441,4.0,1331089196.31072
1762,3693,8.0,1344124562.25132
3064,3125,4.0,1424656820.57688
3064,2255,0.0,1414624430.76034
3064,152,0.0,1385356528.3446
3064,184,4.0,1358519181.67999
3064,4771,8.0,1414815869.79923
3064,75,0.0,1407740125.79802
3064,1581,-8.0,1374277784.94859
3064,1524,0.0,1397196567.36928
3064,4769,4.0,1408467036.68195
3064,1485,4.0,1403462758.19505
3064,3082,4.0,1365361620.1828
3064,1527,4.0,1397521993.37925
3064,3090,0.0,1407176164.99589
3064,421,8.0,1374361941.75315
3064,4770,8.0,1408588106.69322
3064,1029,0.0,1367978077.62834
3064,359,4.0,1350960444.59057
3064,2253,4.0,1407620091.54793
3128,1318,0.0,1367691865.56605
3128,5259,0.0,1367657604.0173
3128,3816,0.0,1367679328.02304
1971,1958,0.0,1308644955.59639
1971,35,-4.0,1349633998.71438
1971,380,-8.0,1420229102.01349
1971,246,4.0,1350827801.58636
1971,1634,0.0,1307205357.32622
2102,559,0.0,1365051843.46142
2102,281,0.0,1345661439.08462
2102,2247,0.0,1352677014.95824
2102,3274,0.0,1349125381.66541
2102,582,4.0,1349654234.44175
2102,202,0.0,1332981720.87371
2102,1377,0.0,1346296604.30383
2102,239,4.0,1424134164.07995
2102,1340,0.0,1431642324.20431
2102,182,0.0,1337304855.05437
2102,1402,4.0,1376620174.33
2102,211,0.0,1345660324.90677
2102,543,4.0,1319431804.40787
2102,3271,0.0,1319548317.36255
2102,870,0.0,1349493520.49419
2102,254,8.0,1370350580.33315
2102,1985,0.0,1352481356.62052
2102,3275,0.0,1374546801.02531
2102,206,0.0,1339919170.93558
2102,2313,0.0,1349377204.45704
2102,3273,0.0,1341282531.84554
2102,1197,0.0,1358713615.7846
2102,2277,0.0,1347158584.4289
2102,249,4.0,1342129836.28228
2102,1566,4.0,1322291036.3686
2102,286,0.0,1344491610.4864
2102,2110,0.0,1337302484.16425
2102,72,0.0,1340148216.11931
2102,246,4.0,1348837141.69647
2102,3272,4.0,1325852492.27222
3080,728,4.0,1341339139.1992
3080,1554,4.0,1330815060.23153
3080,1441,4.0,1333081537.88125
3080,3488,0.0,1332764716.01775
3080,3411,-8.0,1375280537.47447
3080,1561,4.0,1334715438.75515
3111,2253,4.0,1410987414.94647
3111,3108,4.0,1410987485.06444
3111,1778,0.0,1410987395.68006
3024,2530,0.0,1312148927.08199
3101,5810,0.0,1405086333.11513
3101,3090,0.0,1401128853.50283
3101,5811,0.0,1410356419.87873
2748,1485,4.0,1356748359.63229
5219,232,0.0,1399131334.04177
5219,2253,0.0,1399133718.13999
5219,5297,0.0,1399131309.53511
5219,152,0.0,1399133647.59748
5219,1528,0.0,1399131394.71915
5820,5803,0.0,1427903527.76287
5820,5566,8.0,1422989417.05603
12,882,0.0,1351687253.29808
12,642,0.0,1309672873.80979
12,865,0.0,1349906103.97612
12,953,0.0,1358179963.6856
12,625,0.0,1302027410.92431
12,713,4.0,1327024069.41695
12,174,4.0,1370342155.97082
12,936,4.0,1355959366.05237
12,1024,0.0,1364107469.56621
12,1105,0.0,1372610057.30824
12,696,0.0,1320313837.25207
12,2503,4.0,1307874160.33863
12,919,0.0,1354864878.48657
12,264,4.0,1346890534.04278
12,784,0.0,1338586711.86684
12,1007,0.0,1363029662.78425
12,1095,0.0,1371498341.51679
12,1176,0.0,1386357093.93198
12,767,0.0,1334831125.12955
12,990,0.0,1361864107.48598
12,855,0.0,1349010809.21667
12,1078,0.0,1368179309.45352
12,750,0.0,1332192183.76186
12,1247,8.0,1418667216.15963
12,838,0.0,1347614328.66617
12,1061,4.0,1366281901.02703
12,926,0.0,1355150821.40517
12,1149,4.0,1380982778.56402
12,821,0.0,1345706230.63939
12,389,0.0,1359811058.41283
12,909,0.0,1354133513.28873
12,1132,0.0,1378154941.07416
12,1220,0.0,1402686932.98681
12,980,0.0,1360883338.67788
12,1203,0.0,1395745415.96937
12,1291,4.0,1448019108.60957
12,1186,0.0,1388048807.21974
12,1051,4.0,1384553793.37093
12,1274,0.0,1429258698.26842
12,1257,4.0,1440871249.25278
12,379,4.0,1397457205.6449
12,1122,4.0,1376295798.07666
12,690,0.0,1319617805.08763
12,771,0.0,1335346769.80333
12,362,0.0,1345920922.83857
12,673,0.0,1315227658.55718
12,761,4.0,1335466719.39386
12,842,0.0,1347835197.89168
12,656,0.0,1312967887.62079
12,1808,4.0,1304434011.8455
12,744,0.0,1330727499.88518
12,913,0.0,1354605470.59843
12,727,0.0,1327094894.80382
12,815,4.0,1345321280.7027
12,984,0.0,1361264894.78359
12,1207,0.0,1396992070.14605
12,798,4.0,1342284359.98422
12,1072,0.0,1367603317.77557
12,886,0.0,1352446475.9206
12,1055,0.0,1365933433.75903
12,1278,0.0,1431866803.50518
12,646,0.0,1310161574.48236
12,869,0.0,1350210079.37277
12,1143,4.0,1379518032.17628
12,957,0.0,1358727075.89855
12,1038,4.0,1364969703.09595
12,852,8.0,1348833214.83106
12,1126,0.0,1377152641.26686
12,717,0.0,1324667478.3448
12,940,0.0,1356088571.46205
12,1214,0.0,1400707462.50735
12,1028,0.0,1364280864.04346
12,1109,0.0,1373537782.39669
12,923,0.0,1355150766.15389
12,1197,4.0,1391593163.91546
12,788,4.0,1347989198.73379
12,1011,0.0,1363597507.24336
12,356,0.0,1329203360.77083
12,1180,0.0,1386783329.41385
12,994,4.0,1362575420.09543
12,1268,4.0,1424851341.79671
12,859,0.0,1349691264.10571
12,1082,4.0,1373725432.79609
12,1251,0.0,1419355673.2037
12,1065,0.0,1366196767.43938
12,410,0.0,1351017546.70844
12,1153,0.0,1383165376.49149
12,393,0.0,1360883329.70389
12,1136,0.0,1378934320.68457
12,258,0.0,1418150918.19424
12,3649,0.0,1379105991.00537
12,1224,0.0,1403823446.76222
12,650,0.0,1311574850.29735
12,738,0.0,1329641304.62532
12,552,4.0,1329579518.25187
12,721,0.0,1325537086.44822
12,944,0.0,1357385319.40406
12,809,4.0,1344194816.1968
12,623,4.0,1292935948.10307
12,704,4.0,1324374326.17475
12,792,0.0,1340050030.68924
12,1015,4.0,1363683547.60316
12,880,0.0,1350809228.08822
12,694,0.0,1320145019.74568
12,775,0.0,1335967295.63353
12,863,0.0,1349889914.38814
12,1086,4.0,1369988781.25971
12,677,0.0,1316108705.26651
12,846,0.0,1348303400.06938
12,48,4.0,1354108870.47914
12,660,0.0,1313782997.98035
12,934,0.0,1355952780.98106
12,1157,0.0,1384526327.24424
12,748,0.0,1331927407.1112
12,917,0.0,1354722813.96379
12,1140,4.0,1379106650.69076
12,731,0.0,1328441260.02598
12,1005,0.0,1362819693.82441
12,1228,0.0,1409086684.31037
12,819,0.0,1345706210.31527
12,5636,0.0,1375554413.10587
12,988,0.0,1361776363.92836
12,1211,0.0,1399241926.76079
12,64,4.0,1375310858.98283
12,1076,0.0,1367741581.61019
12,0,4.0,1311312167.48754
12,890,0.0,1352753803.38648
12,971,0.0,1360094530.87196
12,1059,0.0,1366011982.12227
12,1282,0.0,1438635289.989
12,1147,0.0,1379970566.42813
12,961,4.0,1358930646.17215
12,1042,0.0,1364926586.59755
12,387,0.0,1422519474.98551
12,1130,0.0,1377986332.04653
12,289,4.0,1370870811.25599
12,167,0.0,1320711507.56228
12,1113,8.0,1384797962.06074
12,681,0.0,1316626238.72845
12,1201,4.0,1392541914.12321
12,1184,0.0,1388048784.54357
12,752,0.0,1333095115.27591
12,1272,0.0,1429258673.20681
12,1255,0.0,1421156223.20785
12,823,4.0,1346139099.33815
12,1238,0.0,1413382868.61223
12,671,0.0,1314895110.32991
12,894,0.0,1352824490.99737
12,982,4.0,1376931380.25645
12,654,0.0,1312828200.59079
12,877,0.0,1350503035.03079
12,742,4.0,1330287127.95137
12,965,4.0,1378328064.14027
12,637,0.0,1308072007.44933
12,725,0.0,1326742933.41354
12,948,0.0,1357462462.50071
12,813,0.0,1345039396.92653
12,1036,0.0,1364593320.77187
12,627,0.0,1302639584.04456
12,708,0.0,1322894645.56179
12,796,0.0,1341088133.94077
12,1019,4.0,1363983040.12661
12,1107,0.0,1372832688.28573
12,779,0.0,1337027288.80205
12,867,0.0,1350063829.30994
12,1090,0.0,1370344686.13592
12,1178,0.0,1386495151.23193
12,1259,0.0,1422432065.50337
12,850,4.0,1348602210.83449
12,1073,0.0,1367603331.92073
12,195,8.0,1413390201.5156
12,938,0.0,1356088556.38537
12,1161,4.0,1384499290.41436
12,1249,0.0,1419355660.4515
12,921,0.0,1354900304.39575
12,1144,0.0,1379675910.76299
12,1009,4.0,1363331561.69522
12,1232,4.0,1410890085.76223
12,904,0.0,1353663268.60165
12,249,0.0,1445949816.86693
12,992,0.0,1362397732.39616
12,1215,0.0,1400707477.64577
12,560,0.0,1344023421.42893
12,1080,0.0,1368869417.70785
12,648,0.0,1310988044.93488
12,975,0.0,1360237047.71936
12,1063,0.0,1366141847.50357
12,1286,0.0,1443678302.14177
12,631,0.0,1307117081.95637
12,1046,4.0,1365354014.99341
12,1134,4.0,1378370936.78671
12,702,0.0,1321833242.83165
12,293,0.0,1429641790.04187
12,374,4.0,1365597747.31019
12,685,0.0,1317676440.41909
12,1205,0.0,1396897988.14183
12,773,0.0,1335428716.78299
12,533,4.0,1309786504.66381
12,756,0.0,1333826780.96341
12,1276,0.0,1430204042.69446
12,844,8.0,1347895897.04326
12,925,4.0,1357288851.66694
12,827,0.0,1346610227.21945
12,1979,0.0,1322176007.79096
12,915,0.0,1354722788.02261
12,996,0.0,1362725560.62752
12,810,4.0,1344536186.45495
12,675,0.0,1315900666.69268
12,898,0.0,1353223195.23047
12,1067,-8.0,1366402697.745
12,658,0.0,1313707374.55923
12,881,0.0,1351469571.33792
12,746,0.0,1331708784.55839
12,969,4.0,1359911480.72033
12,641,4.0,1309344051.7888
12,125,0.0,1304661079.81366
12,1138,4.0,1384061649.86692
12,729,0.0,1327100567.36137
12,952,0.0,1358179942.05796
12,4617,0.0,1410293946.2236
12,1040,0.0,1364926547.26271
12,280,0.0,1324490168.87022
12,1209,0.0,1398335728.40877
12,800,0.0,1342547726.30045
12,1023,0.0,1364107437.715
12,1111,0.0,1373787436.86842
12,1192,0.0,1389258608.99102
12,1280,0.0,1433942854.68154
12,871,0.0,1350329746.58624
12,1094,0.0,1371498319.9808
12,439,0.0,1347946352.26164
12,1182,0.0,1387388247.51705
12,1263,0.0,1423230630.04012
12,1077,0.0,1368110359.8809
12,422,4.0,1414182374.3372
12,942,0.0,1356863421.12525
12,1165,0.0,1384984965.32146
12,182,0.0,1332969727.0028
12,1148,0.0,1380143146.93605
12,3884,0.0,1366012423.58771
12,1013,0.0,1363597530.26709
12,1236,4.0,1412709511.23153
12,662,0.0,1314188342.01034
12,253,0.0,1409855498.57178
12,1219,8.0,1414757525.7098
12,341,0.0,1391891814.1846
12,733,0.0,1328911252.73954
12,1290,0.0,1447506410.60631
12,412,4.0,1408985704.11332
12,635,4.0,1307626023.7975
12,1564,0.0,1345429084.76856
12,804,0.0,1343721753.43858
12,892,0.0,1352816333.97179
12,706,0.0,1322593641.36966
12,875,0.0,1350332046.48446
12,1098,0.0,1372130395.28708
12,689,0.0,1319025030.19167
12,963,0.0,1359481134.51276
12,777,0.0,1336244564.12666
12,858,0.0,1349630678.49784
12,946,0.0,1357385342.88646
12,1169,4.0,1387313981.12689
12,760,0.0,1334149679.03137
12,1034,0.0,1364546896.63345
12,848,0.0,1348504731.90701
12,929,0.0,1355561280.60765
12,743,0.0,1330688017.22777
12,1017,0.0,1363864613.97666
12,1240,4.0,1415031329.17993
12,831,0.0,1346779276.28418
12,257,0.0,1293448479.2438
12,1000,0.0,1362725721.34826
12,814,0.0,1345039408.21924
12,1088,4.0,1376380722.2426
12,679,4.0,1317331251.70246
12,902,0.0,1353418140.88173
12,1071,4.0,1380119275.23933
12,885,0.0,1352217946.04204
12,1159,0.0,1384766314.92351
12,973,0.0,1360237015.36623
12,1142,4.0,1380124104.28751
12,956,0.0,1358727059.3954
12,1230,8.0,1439737553.67762
12,1044,0.0,1365098307.80377
12,1125,0.0,1377152630.87582
12,1213,0.0,1400057113.73951
12,1115,0.0,1374919464.10097
12,1196,0.0,1391167881.88058
12,3851,8.0,1376550694.09705
12,764,4.0,1334734026.00164
12,47,4.0,1301003730.28041
12,1284,4.0,1443684022.45603
12,629,0.0,1306782389.82588
12,1267,0.0,1426601478.45996
12,612,4.0,1312910715.33995
12,835,0.0,1347191596.8043
12,426,4.0,1412678697.48557
12,700,0.0,1321431015.84491
12,683,0.0,1317329344.58757
12,906,4.0,1353878715.50289
12,497,0.0,1304632429.08472
12,666,0.0,1314469330.32543
12,754,4.0,1333133292.28525
12,977,0.0,1360439923.67045
12,568,4.0,1352508716.67985
12,737,0.0,1329485873.32364
12,825,0.0,1346144608.45948
12,1048,0.0,1365448161.05987
12,639,0.0,1308245332.49199
12,808,0.0,1344375286.40691
12,1031,0.0,1364424617.34503
12,896,0.0,1353058225.87346
12,1119,0.0,1375729979.72669
12,710,0.0,1323358140.33606
12,791,0.0,1339922385.43694
12,879,0.0,1350652973.42205
12,1102,0.0,1372409797.88531
12,967,0.0,1359746608.5301
12,1190,4.0,1389010193.99945
12,781,8.0,1337632352.73522
12,862,0.0,1349876122.52071
12,950,0.0,1357733350.57878
12,1173,0.0,1386253282.06567
12,1261,0.0,1423047030.06937
12,933,0.0,1355858952.40536
12,1021,4.0,1363677433.12959
12,1244,4.0,1416985756.60937
12,261,0.0,1366880548.58713
12,1004,0.0,1362819685.59729
12,349,0.0,1339452517.6237
12,1092,4.0,1371263582.90355
12,1075,0.0,1367741568.11607
12,643,0.0,1309672885.69551
12,1163,0.0,1384982681.00487
12,1058,0.0,1366011959.61225
12,1146,4.0,1380291264.31661
12,714,0.0,1324123115.63137
12,1234,0.0,1411715572.03907
12,802,4.0,1346759735.72315
12,1129,0.0,1377621596.63493
12,697,0.0,1320697365.79186
12,1217,0.0,1402251365.23737
12,785,0.0,1338841566.54342
12,376,0.0,1347544241.47898
12,873,0.0,1350329772.95111
12,1200,0.0,1395353807.71638
12,768,0.0,1334857102.83683
12,1288,0.0,1447506325.83957
12,633,0.0,1307524979.20492
12,856,8.0,1349125437.58435
12,1680,0.0,1429756794.63644
12,1271,0.0,1429258662.55951
12,839,0.0,1347614338.97362
12,927,0.0,1355561260.99065
12,687,0.0,1318609449.08457
12,910,0.0,1354363111.41616
12,998,0.0,1362725597.3215
12,1079,4.0,1368738149.59918
12,670,4.0,1314785571.28579
12,758,4.0,1334149457.23369
12,981,8.0,1369790503.73372
12,1069,0.0,1366545501.79026
12,1150,4.0,1389188463.48813
12,741,0.0,1329902350.47726
12,964,4.0,1359581230.20226
12,309,0.0,1307203964.50231
12,829,0.0,1346610260.63372
12,1052,0.0,1365545931.85931
12,724,0.0,1326262451.25571
12,1221,0.0,1402686947.80793
12,812,0.0,1344941725.0936
12,1035,0.0,1364546905.65896
12,380,0.0,1348478569.82081
12,900,4.0,1353311453.6258
12,1123,4.0,1376251141.86917
12,795,0.0,1341088127.03102
12,363,0.0,1346792907.98869
12,1292,-8.0,1448434762.87652
12,883,0.0,1351924007.65592
12,1106,4.0,1376984241.96288
12,1194,4.0,1390506950.15599
12,866,0.0,1349949148.16595
12,211,8.0,1351774433.42031
12,434,4.0,1429696755.04008
12,954,4.0,1358201538.36063
12,1177,0.0,1386357110.43895
12,194,0.0,1334160263.26971
12,1265,0.0,1424775670.37702
12,4656,4.0,1361314437.99716
12,1025,0.0,1364107494.2093
12,2832,0.0,1377251693.39817
12,1248,4.0,1418821455.05761
12,1096,0.0,1371498348.94483
12,664,0.0,1314468891.84489
12,745,0.0,1331589094.82247
12,424,0.0,1316078513.26736
12,647,0.0,1310161594.55051
12,1167,0.0,1385716391.4478
12,735,4.0,1329403383.6241
12,816,0.0,1345269219.94835
12,407,0.0,1360741439.46961
12,2214,0.0,1398869614.32216
12,630,4.0,1306782934.18831
12,718,0.0,1324667487.66717
12,806,0.0,1344231993.33291
12,887,0.0,1352446496.26012
12,701,0.0,1321635483.06924
12,789,0.0,1339615182.48731
12,958,0.0,1358727088.7523
12,549,0.0,1319780903.87288
12,772,0.0,1335346774.16776
12,860,0.0,1349728357.60619
12,1029,0.0,1364280879.11519
12,1252,0.0,1420137845.96267
12,843,0.0,1347835211.10331
12,1117,4.0,1378675737.88768
12,931,0.0,1355561300.42468
12,1012,0.0,1363597520.55125
12,1100,0.0,1372286689.64038
12,691,4.0,1333915764.43392
12,914,0.0,1354653899.99707
12,1188,4.0,1329157331.16551
12,1002,0.0,1362819653.70117
12,1083,4.0,1369159435.70178
12,1171,4.0,1396465631.51624
12,762,4.0,1334593877.59763
12,985,4.0,1361029318.88695
12,1154,4.0,1383917589.24525
12,968,0.0,1359746654.96811
12,1242,0.0,1415986896.42521
12,833,0.0,1346952004.45072
12,1056,4.0,1365956675.78707
12,1225,0.0,1403823459.94786
12,1039,0.0,1364736102.57785
12,1127,0.0,1377158255.18316
12,1110,0.0,1373787422.53399
12,1198,4.0,1391875029.58072
12,1279,0.0,1433942841.37348
12,624,0.0,1293994479.85825
12,215,4.0,1359758040.36992
12,712,4.0,1323976888.10568
12,1181,4.0,1390665923.64336
12,1269,0.0,1427277704.60795
12,695,0.0,1320145147.68026
12,918,0.0,1354824107.81836
12,783,0.0,1338237581.23867
12,678,0.0,1316115885.14145
12,766,0.0,1334817618.05718
12,989,4.0,1362135482.37293
12,854,0.0,1349010801.62346
12,668,0.0,1314785102.37168
12,749,0.0,1332192131.55518
12,837,0.0,1347362761.60143
12,1060,0.0,1366012014.25207
12,651,0.0,1311888076.71029
12,739,0.0,1329737805.39002
12,820,0.0,1345706221.98515
12,634,0.0,1307525004.4362
12,908,4.0,1354031918.9657
12,1131,4.0,1378067623.73436
12,722,0.0,1325778321.08553
12,891,0.0,1352753812.7688
12,705,0.0,1322593606.06451
12,979,0.0,1360741431.1684
12,1202,0.0,1395745408.42441
12,793,0.0,1340363869.41807
12,219,4.0,1315002375.69837
12,962,0.0,1359377277.81134
12,776,0.0,1336023719.85473
12,1050,0.0,1365448177.54645
12,1273,0.0,1429258686.9036
12,864,8.0,1350026192.09013
12,945,0.0,1357385330.51517
12,1033,0.0,1364546873.39103
12,2705,0.0,1380387968.22145
12,1121,0.0,1375733054.3122
12,935,0.0,1355952789.06745
12,1016,0.0,1363855330.94683
12,3671,0.0,1397428160.59396
12,1104,4.0,1372500167.81485
12,263,0.0,1341043672.52884
12,1006,0.0,1362819701.26148
12,1087,0.0,1369740039.06861
12,165,0.0,1314614597.45504
12,655,0.0,1312828234.22481
12,246,4.0,1320775184.28278
12,1175,0.0,1386357084.75429
12,1158,4.0,1384959692.51793
12,726,0.0,1326816436.94279
12,1246,0.0,1417094308.79422
12,1229,0.0,1409086703.11821
12,797,0.0,1341392686.18389
12,645,0.0,1309903639.09899
12,868,0.0,1350066942.93593
12,1283,0.0,1438639914.88506
12,628,0.0,1304978330.71707
12,716,0.0,1324287280.62527
12,939,0.0,1356088563.39476
12,1027,4.0,1372931102.38263
12,699,0.0,1320869458.68649
12,787,4.0,1340028698.81216
12,1010,4.0,1363443316.98443
12,682,8.0,1317205991.63175
12,250,4.0,1374225607.34801
12,770,0.0,1335106644.11677
12,1081,0.0,1368998468.44719
12,672,0.0,1315224563.79198
12,753,0.0,1333095146.98039
12,841,-8.0,1347729589.63173
12,1152,0.0,1383165363.16075
12,1233,8.0,1407440500.19168
12,824,0.0,1345875712.96597
12,912,0.0,1354440052.94426
12,895,0.0,1353017686.66303
12,240,4.0,1380747410.27579
12,983,0.0,1361229449.23118
12,1064,0.0,1366141859.53058
12,878,0.0,1350562314.18592
12,1294,0.0,1451906337.10715
12,966,8.0,1363776985.29961
12,1054,8.0,1365684601.35275
12,1135,4.0,1378404465.09361
12,949,4.0,1361654556.95143
12,1037,0.0,1364734823.15665
12,1206,0.0,1396992057.44953
12,693,0.0,1320145008.83567
12,1020,4.0,1363983761.52488
12,1108,4.0,1373301385.82313
12,1277,0.0,1431806516.87928
12,1091,0.0,1370344698.41075
12,659,0.0,1313739761.86248
12,1179,0.0,1386495176.56559
12,1260,4.0,1422816432.75779
12,747,0.0,1331738558.79267
12,419,0.0,1369985724.66103
12,730,4.0,1327427230.95085
12,1250,0.0,1419355667.9111
12,818,0.0,1345706191.01378
12,899,0.0,1353306860.14251
12,490,0.0,1305056235.37148
12,801,0.0,1342819809.75236
12,17,0.0,1316370789.31937
12,4057,4.0,1352671918.87377
12,889,4.0,1352713735.79194
12,970,4.0,1359998978.2353
12,649,0.0,1311078731.00122
12,872,0.0,1350329765.95082
12,960,0.0,1359281930.44557
12,1041,0.0,1364926565.61249
12,632,0.0,1307434527.77049
12,720,0.0,1324994362.45163
12,943,0.0,1357111160.95124
12,1112,0.0,1373787465.35598
12,703,0.0,1322074416.54844
12,1014,0.0,1363597540.6323
12,686,0.0,1318322723.26324
12,254,4.0,1372122252.57391
12,1183,0.0,1387509052.17519
12,774,4.0,1363587193.73366
12,342,0.0,1321833232.93929
12,1085,0.0,1369599106.01964
12,1166,0.0,1385553151.3295
12,1254,0.0,1420358648.46427
12,845,0.0,1348126145.62975
12,413,4.0,1361385560.42193
12,1156,0.0,1384526317.74069
12,1237,0.0,1413382850.6491
12,916,0.0,1354722806.48929
12,997,8.0,1363130998.90531
12,1227,0.0,1407047187.32344
12,152,4.0,1330623953.96268
12,244,0.0,1424444767.61521
12,987,4.0,1362477286.20493
12,1068,0.0,1366478794.80837
12,636,0.0,1307801864.6767
12,1379,4.0,1337676121.78236
12,3274,0.0,1349125445.9076
12,1139,0.0,1378934397.67471
12,626,4.0,1302082638.35105
12,707,4.0,1322825084.13806
12,3777,0.0,1353622457.14812
12,1210,0.0,1399241893.2295
12,778,0.0,1336859075.99659
12,1193,0.0,1389258617.39414
12,680,0.0,1316534255.05056
12,352,4.0,1387313479.4353
12,1281,0.0,1438635273.22772
12,849,0.0,1348504740.87665
12,937,0.0,1356088540.24813
12,1264,0.0,1424775660.51766
12,751,0.0,1332317702.71363
12,832,0.0,1346791215.92748
12,920,0.0,1354900280.25458
12,1008,0.0,1363245597.33259
12,822,0.0,1345706239.42651
12,903,0.0,1353504812.12584
12,991,4.0,1362076539.43706
12,84,4.0,1314569984.03229
12,663,0.0,1314197929.8037
12,1406,0.0,1310272544.41814
12,893,0.0,1352817845.64787
12,974,0.0,1360237034.84768
12,1062,0.0,1366046208.40325
12,653,0.0,1312556326.23226
12,734,0.0,1329168781.96266
12,1045,0.0,1365098335.21032
12,1133,0.0,1378157707.74874
12,805,4.0,1343947858.28923
12,2700,0.0,1376058459.8692
12,1116,0.0,1374935745.92784
12,1204,0.0,1396523058.76384
12,1285,4.0,1440499569.22897
12,876,4.0,1350498383.24322
12,1099,4.0,1361619998.93112
12,1187,0.0,1388434949.85956
12,1275,0.0,1430066098.98878
12,947,0.0,1357461095.964
12,1170,0.0,1385716429.4883
12,1258,-8.0,1421924727.37562
12,930,0.0,1355561289.8815
12,1018,0.0,1363864623.05592
12,1241,0.0,1415986880.91648
12,674,0.0,1315761202.4703
12,1001,0.0,1362819645.47097
12,1089,0.0,1370119924.97823
12,657,4.0,1312967975.85591
12,640,0.0,1309334581.73972
12,1160,0.0,1384982644.79656
12,728,0.0,1327100558.46506
12,319,0.0,1319562204.25243
12,711,0.0,1323598935.92293
12,1231,4.0,1409586411.78534
12,799,0.0,1342505261.01403
12,782,0.0,1338059758.24894
12,870,4.0,1350241977.23607
12,951,0.0,1357733363.01899
12,765,0.0,1334772180.37773
12,853,0.0,1349010791.4228
12,941,0.0,1356338001.72473
12,1022,0.0,1364107427.62545
12,836,0.0,1347342579.32028
12,181,4.0,1390929113.03801
12,924,0.0,1355150782.07823
12,1093,0.0,1371498304.72381
12,684,0.0,1317329374.17484
12,907,0.0,1353929041.53764
12,995,0.0,1362667335.47814
12,667,0.0,1314714481.36728
12,169,4.0,1318934839.90129
12,1164,0.0,1384982691.82119
12,755,0.0,1333400613.67476
12,978,0.0,1360439942.87605
12,1066,4.0,1366438586.19232
12,1235,8.0,1411847563.26582
12,826,0.0,1346235435.71041
12,1049,0.0,1365448169.9671
12,1137,4.0,1378934358.14813
12,1218,4.0,1402251971.18881
12,1032,0.0,1364546854.06254
12,897,0.0,1353163193.69133
12,1120,0.0,1375730008.54069
12,1208,0.0,1398335703.68788
12,1289,0.0,1447506369.70577
12,1103,4.0,1372415917.77453
12,1191,0.0,1389258592.0598
12,847,0.0,1348303434.41564
12,1174,4.0,1389998521.72516
12,1262,8.0,1423169858.42479
12,607,0.0,1304632735.45239
12,688,0.0,1318769759.81642
12,3343,0.0,1334948918.0748
12,1245,0.0,1417094295.11129
12,590,4.0,1293453463.2234
12,759,0.0,1334149534.01854
12,661,0.0,1314005826.32261
12,830,0.0,1346610269.25028
12,1053,0.0,1365622516.52661
12,644,0.0,1309820950.90162
12,732,4.0,1328955163.28447
12,901,4.0,1353311555.18084
12,2708,4.0,1384499035.69789
12,1124,4.0,1377008692.62167
12,715,0.0,1324286088.37141
12,803,8.0,1342643967.35251
12,884,0.0,1352217937.75109
12,698,0.0,1320869426.1115
12,972,0.0,1360094540.13788
12,1195,0.0,1391167873.2935
12,786,0.0,1339364719.31404
12,874,0.0,1350330258.28196
12,955,0.0,1358284850.42059
12,769,4.0,1334865265.36877
12,1043,0.0,1364940789.22147
12,1266,0.0,1424775681.34232
12,857,0.0,1349335342.19993
12,1026,0.0,1364107509.48073
12,840,0.0,1347614343.58399
12,1114,0.0,1374907198.63718
12,928,0.0,1355561273.43578
12,1097,4.0,1371726317.81428
12,911,0.0,1354392380.7965
12,1185,0.0,1388048795.31685
12,999,0.0,1362725663.91303
12,425,4.0,1386410074.89069
12,1168,0.0,1385716404.30202
12,1256,0.0,1421871114.14096
12,1070,0.0,1366828061.47916
12,1151,4.0,1382704101.5441
12,719,0.0,1324667497.77724
12,310,4.0,1315002581.90634
12,1239,0.0,1413382879.95101
12,398,4.0,1325778652.77732
12,1141,0.0,1379196186.3686
12,1222,-8.0,1403176420.33565
12,790,0.0,1339922362.49082
12,5853,8.0,1407528846.77803
12,1293,0.0,1451906319.25883
12,638,0.0,1308072083.39814
12,861,0.0,1349774475.36103
12,540,0.0,1311197118.12336
12,709,4.0,1323157366.60339
12,932,0.0,1355561322.4632
12,692,0.0,1319872361.38491
12,780,0.0,1337103099.60237
12,1003,0.0,1362819678.55237
12,763,0.0,1334691486.83086
12,986,0.0,1361776348.18736
12,851,0.0,1348684789.72552
12,1074,0.0,1367741554.73334
12,665,0.0,1314468916.34233
12,1162,0.0,1384982668.3292
12,834,0.0,1347006954.77848
12,1057,0.0,1366011947.67537
12,1986,0.0,1405674879.33697
12,5377,0.0,1406556394.21324
12,922,0.0,1354903093.37771
12,1145,0.0,1379970497.85657
12,736,0.0,1329485837.38252
12,817,0.0,1345269228.71524
12,905,0.0,1353836805.7514
12,1128,0.0,1377352278.3085
12,993,0.0,1362504061.47858
12,1216,4.0,1401284713.93846
12,807,0.0,1344374749.8899
12,888,0.0,1352503115.16123
12,233,8.0,1384642003.42777
12,976,0.0,1360237062.09371
12,1199,4.0,1392711252.83336
12,1287,0.0,1445967765.78783
12,959,8.0,1359031920.25048
12,527,4.0,1307376516.16748
12,1047,0.0,1365448149.25138
12,1270,0.0,1427277722.53202
12,206,0.0,1313489996.44196
12,1030,0.0,1364424560.38573
12,1253,4.0,1420300360.18486
12,1118,4.0,1375693413.92398
12,1101,0.0,1372378815.00157
12,669,0.0,1314785115.61621
12,1189,0.0,1388435041.24032
12,757,0.0,1334132142.30499
12,1084,0.0,1369350943.03427
12,652,0.0,1312229850.25844
12,1172,0.0,1385758636.5089
12,740,0.0,1329781153.75989
12,828,0.0,1346610249.53055
12,1155,4.0,1383819874.94217
12,723,0.0,1325937232.68586
12,1243,4.0,1416383329.85088
12,811,0.0,1344928755.11694
12,1226,0.0,1406298665.30462
12,794,0.0,1340887182.72998
2167,2916,4.0,1363774758.33492
2167,1305,4.0,1332745680.41582
2167,1904,8.0,1314149352.13181
2167,2907,4.0,1333377247.91821
2167,2442,4.0,1312290613.19235
2167,2905,4.0,1330750073.61761
2167,2909,0.0,1338531165.29636
2167,2913,4.0,1339273809.9876
2167,1624,4.0,1380397255.89927
2167,2917,0.0,1363955809.38467
2167,4299,8.0,1346147413.10553
2167,421,0.0,1331350130.71763
2167,2911,0.0,1338961608.43522
2167,3414,8.0,1362079505.72344
2167,285,4.0,1340856950.45247
2167,2915,0.0,1347354474.79236
2167,1761,8.0,1331671786.34811
2167,2537,4.0,1310252330.1029
2167,2110,8.0,1355967664.04641
2167,2906,0.0,1331699793.14541
2167,1940,4.0,1330539712.00026
2167,380,0.0,1359513902.7006
2167,238,4.0,1369195422.61982
2167,2184,4.0,1308490911.04698
2167,2910,4.0,1338873155.4058
2167,1134,4.0,1380095558.1978
2167,5552,8.0,1390829729.47197
2167,2904,0.0,1330514784.80827
2167,2914,4.0,1343630900.61583
2167,2918,4.0,1369830966.88098
2167,357,0.0,1339560065.81883
2167,1577,4.0,1369195582.02379
2167,2908,4.0,1338530304.23419
2167,576,0.0,1341653000.30621
2167,4087,4.0,1369195342.8379
2167,3104,0.0,1407401908.96867
2167,590,0.0,1329484408.90945
2167,2912,0.0,1339152651.37827
3105,2253,0.0,1411033715.62674
3105,3125,0.0,1415261910.75996
3105,2256,0.0,1403323897.07285
3105,5092,8.0,1409370857.07534
3105,5094,8.0,1412723057.22116
3105,2254,4.0,1402821933.39975
3105,5089,4.0,1412727136.82472
3105,5832,4.0,1415261527.40596
73,1804,0.0,1303066398.74266
73,1,8.0,1347122805.28953
73,1457,4.0,1302097036.37516
73,28,8.0,1356408285.65616
73,70,8.0,1306782452.52336
73,1456,0.0,1302103935.61212
73,71,8.0,1306782901.79601
281,188,8.0,1343254586.66408
281,1541,0.0,1304920785.54622
281,0,-4.0,1346967679.76637
281,2109,0.0,1330247474.47325
281,2048,0.0,1304708399.47641
281,1802,0.0,1304733253.27285
281,64,4.0,1332580507.64538
281,1566,-8.0,1347038736.54993
281,1357,8.0,1305289386.57531
281,1570,-8.0,1348606931.48374
281,324,4.0,1329029936.1436
281,1564,0.0,1344998139.6506
281,1568,-8.0,1348606702.2028
281,246,8.0,1328418711.54163
281,2110,0.0,1330797471.96226
281,193,4.0,1328647432.14846
281,490,-8.0,1304993474.06212
281,1569,-8.0,1348606750.39377
281,613,0.0,1304917483.78353
3132,2832,0.0,1377251442.48127
3115,5351,0.0,1430105927.6047
1527,250,4.0,1398180274.52259
1527,240,4.0,1390608038.47351
1527,3426,0.0,1397425749.66274
1527,3082,0.0,1358361536.40251
1527,1525,0.0,1397667233.82682
1527,3430,0.0,1410182419.32079
1527,2255,0.0,1415789761.50729
1527,1988,0.0,1385673788.6815
1527,1938,4.0,1350319098.25707
1527,1529,4.0,1398181444.96238
1527,282,0.0,1334873868.83214
1527,152,4.0,1398369656.7742
1527,3428,0.0,1402264789.98853
1527,367,0.0,1352141581.2684
1527,2253,4.0,1385348899.02726
1527,2307,0.0,1437345001.56307
1527,3098,4.0,1384278616.80677
1527,2257,0.0,1386445250.3614
1527,3125,0.0,1423702886.89423
1527,1622,0.0,1360537757.97203
1527,1589,0.0,1406197270.66973
1527,3997,0.0,1430016496.35496
1527,1197,4.0,1360230800.57132
1527,1396,0.0,1350999608.55363
1527,1532,0.0,1398349458.8209
1527,3427,0.0,1399278286.60946
1527,3431,0.0,1413389841.32258
1527,380,0.0,1359513943.24345
1527,3114,4.0,1410820551.53064
1527,246,4.0,1354758288.95519
1527,3425,0.0,1349011012.73401
1527,1524,0.0,1397196554.14098
1527,3429,0.0,1403652091.33784
1527,1528,4.0,1398181305.96982
1527,3007,0.0,1338815086.99554
1527,2254,4.0,1403906949.10028
1527,245,4.0,1391310745.0294
1527,3276,0.0,1327101392.4787
843,4551,0.0,1394218971.06299
843,4467,0.0,1350324178.95691
843,2348,0.0,1394218919.13559
380,585,-8.0,1367082725.88487
380,2257,4.0,1366935452.60288
380,1524,4.0,1408540839.1301
380,4314,0.0,1408282787.80958
380,254,0.0,1341908833.49806
380,2954,0.0,1408088948.53069
380,1326,4.0,1347431545.51664
380,64,4.0,1348793461.91155
380,246,0.0,1367083140.52712
380,1985,0.0,1408715712.5758
380,4312,4.0,1408088965.73629
380,1411,0.0,1359514276.28111
380,587,-8.0,1367082733.18929
380,1935,4.0,1344830193.63271
380,858,0.0,1348791371.95101
380,4310,0.0,1342456336.96985
380,232,4.0,1341315925.46831
380,249,4.0,1377085718.47152
380,2544,0.0,1342190823.08554
380,39,0.0,1340039100.59011
380,221,4.0,1344773796.262
380,2200,4.0,1408715744.98064
380,2254,-4.0,1408088681.58313
380,286,4.0,1348793855.71362
380,1221,-4.0,1401486575.08361
380,3427,4.0,1359514155.64696
380,586,-8.0,1367082728.88839
380,3464,4.0,1344975414.12546
380,24,0.0,1359737213.48726
380,2158,0.0,1342359558.94925
380,3965,4.0,1342190850.65284
380,285,4.0,1348492392.11351
380,41,4.0,1344558302.80736
380,35,0.0,1359514762.44413
380,3898,4.0,1348607078.49662
380,588,-8.0,1367082764.3512
380,3088,4.0,1366935486.76022
380,3399,4.0,1342263895.23332
380,4311,4.0,1342657633.71022
380,832,0.0,1345752856.7812
380,2312,0.0,1344410583.92309
380,1197,4.0,1363013540.13211
380,152,4.0,1342204693.24095
380,1775,0.0,1341385133.60075
380,2309,0.0,1348760245.05475
380,2157,0.0,1409154524.0255
380,404,0.0,1374742755.96344
380,240,0.0,1401384385.09826
380,4313,0.0,1408282309.17924
380,4296,4.0,1344773258.94902
380,2253,-4.0,1408387759.48907
380,2236,0.0,1408282647.81894
380,1520,4.0,1420232207.33689
3126,1950,8.0,1398784915.55114
3126,1624,4.0,1398800387.7964
3126,3114,4.0,1398893248.7054
3109,1624,4.0,1399849938.03856
3109,2474,0.0,1365562732.27118
3109,332,4.0,1366068294.3409
3109,2775,0.0,1365115710.99098
3109,2253,0.0,1408322299.67572
3109,3378,0.0,1365566837.3665
3109,5218,0.0,1421012352.94128
3109,1044,4.0,1366062417.769
3109,5295,0.0,1408674196.87105
3085,1089,0.0,1371613411.12775
3085,2832,0.0,1377251548.09081
3085,2791,0.0,1370345069.58324
3085,2242,4.0,1367901044.95384
3085,1029,0.0,1367545101.70525
3092,240,0.0,1401544330.164
1586,409,4.0,1376681618.11831
1586,2132,0.0,1407133921.74231
1586,36,0.0,1374721013.77215
1586,5037,4.0,1365431535.82737
1586,3737,0.0,1365507959.27211
1586,26,-8.0,1410952787.03951
1586,237,-8.0,1411391996.28786
1586,2474,0.0,1365431683.66711
1586,1554,0.0,1407177803.96388
1586,862,4.0,1380564841.42799
1586,1437,4.0,1365431581.98555
1586,5327,0.0,1376810925.07933
1586,2213,0.0,1376629514.56326
1586,286,0.0,1376749790.1276
1586,229,4.0,1376650687.75711
1586,2705,0.0,1380467134.01858
1586,3519,0.0,1376894469.97102
1586,1044,0.0,1407178678.58966
1586,4276,0.0,1406452275.26895
1586,2139,0.0,1377244755.52456
1586,3679,4.0,1407259373.90854
1586,233,4.0,1377245275.32346
1586,426,4.0,1405796557.84254
1586,1201,0.0,1376896461.34421
1586,1501,0.0,1376628662.20626
1586,858,4.0,1376810683.48438
1586,1074,0.0,1365454230.07176
1586,1397,0.0,1376810881.65801
1586,239,8.0,1406650170.02981
1586,1340,4.0,1376466651.27374
1586,1491,4.0,1380441194.7836
1586,3067,0.0,1377581726.17897
1586,1318,4.0,1380564816.93701
1586,1338,0.0,1376894410.61392
28,77,8.0,1365707508.38761
28,229,4.0,1387049281.54688
28,2675,-8.0,1348879746.09045
28,233,8.0,1366587693.62085
28,588,-8.0,1374256924.70289
28,3138,-8.0,1346474445.54787
28,1554,4.0,1344651314.09851
28,2351,8.0,1312157637.28881
28,3142,-8.0,1354403726.94566
28,0,8.0,1354068531.08765
28,254,0.0,1407619640.18718
28,1078,0.0,1396494249.97537
28,3044,0.0,1319322842.2022
28,1585,0.0,1374268446.78528
28,2524,0.0,1340220737.90878
28,1197,4.0,1391946626.62078
28,1940,0.0,1360986854.99859
28,74,4.0,1356408909.84716
28,2741,-8.0,1367819495.54464
28,343,0.0,1347257451.36877
28,1583,-8.0,1368652725.12162
28,195,0.0,1357106247.87945
28,232,4.0,1374261150.98415
28,3144,0.0,1359413114.66619
28,391,0.0,1361731646.93533
28,587,-8.0,1374256920.51706
28,199,0.0,1374258986.40825
28,1564,8.0,1357584415.96625
28,230,0.0,1388644692.97868
28,1578,-8.0,1367819453.40476
28,585,-8.0,1374256914.80914
28,261,4.0,1356408633.04143
28,3139,-8.0,1346474464.19264
28,251,0.0,1401994017.59252
28,72,4.0,1356408357.04956
28,194,4.0,1333599000.49169
28,1576,-8.0,1347667390.02794
28,3143,0.0,1358052188.36024
28,205,0.0,1362014991.46893
28,2755,4.0,1360908891.74763
28,3137,-8.0,1346474430.64911
28,330,0.0,1341516335.14292
28,3049,-8.0,1357539805.63132
28,384,-8.0,1364313949.24068
28,357,0.0,1340744023.87847
28,246,4.0,1347715531.34863
28,3141,-8.0,1348879745.44923
28,1682,0.0,1323713983.35873
28,895,0.0,1358706847.83941
28,2932,-8.0,1348879745.2314
28,3145,0.0,1392896228.74385
28,1467,4.0,1346961893.53928
28,70,4.0,1356408305.7525
28,132,4.0,1356408530.78564
28,586,-8.0,1364314252.87471
28,1,8.0,1347122757.62889
28,258,-8.0,1439989198.96089
28,48,0.0,1339442969.89757
28,2201,0.0,1357227542.44872
28,131,0.0,1312412195.7949
28,3140,-8.0,1347923768.75637
3123,4313,4.0,1415721658.35738
37,920,4.0,1354592246.96348
37,363,4.0,1351786781.29992
37,2568,4.0,1307159643.02868
37,1437,4.0,1358456758.3965
37,387,-8.0,1354585992.12074
37,3104,0.0,1407403098.27982
37,2557,0.0,1307159622.29006
37,36,4.0,1363834137.32328
37,3125,0.0,1420174281.09121
37,2075,4.0,1355153583.59116
37,0,8.0,1363836906.67669
37,2569,4.0,1355538502.07817
37,246,0.0,1359116413.94388
1866,1441,8.0,1336258565.56878
1866,357,0.0,1340744336.26053
1866,109,4.0,1339192822.75213
1866,3965,4.0,1336367064.55948
1866,35,4.0,1336259245.22854
1866,254,4.0,1347979750.42268
1866,222,4.0,1347979364.00594
1866,622,8.0,1350867641.61312
1866,1775,0.0,1336331434.55121
3113,1528,0.0,1411852761.70163
5089,5832,0.0,1416253053.63696
5089,3125,0.0,1416620836.71262
5089,5094,8.0,1412723272.95184
5089,5092,4.0,1409370800.8742
5089,2254,4.0,1402976501.77468
246,3171,0.0,1326187032.77839
246,2161,4.0,1381526132.7348
246,249,0.0,1347715434.51312
246,1489,0.0,1347745536.70205
246,391,4.0,1399315814.80324
246,3181,0.0,1352934835.08638
246,182,4.0,1327370811.38111
246,2570,4.0,1347744906.3582
246,969,0.0,1360818351.42482
246,160,8.0,1321485483.50379
246,368,0.0,1343016399.44415
246,351,4.0,1352485637.12454
246,3175,4.0,1345595959.12407
246,1351,4.0,1314998064.50431
246,3273,0.0,1341338387.61352
246,568,0.0,1352489984.28142
246,2240,0.0,1332731260.61705
246,1470,4.0,1313680401.3181
246,1622,4.0,1342920579.82397
246,3179,8.0,1345299929.27064
246,1595,0.0,1346558193.79789
246,2524,-4.0,1347744411.88989
246,1338,0.0,1399335005.79849
246,2392,0.0,1319905997.90979
246,1862,4.0,1363806872.56487
246,3173,4.0,1340731637.96696
246,5051,4.0,1359137372.08805
246,1369,4.0,1317316298.15601
246,2281,0.0,1347744619.16477
246,1626,0.0,1367066662.74733
246,3183,-8.0,1353558050.79403
246,981,0.0,1362180785.25774
246,549,4.0,1319739317.30793
246,3187,4.0,1360984893.5793
246,434,0.0,1341323733.63147
246,3170,0.0,1325174423.49363
246,691,0.0,1320927199.93459
246,1434,4.0,1323561150.06331
246,209,4.0,1357544478.64551
246,353,0.0,1340713081.89557
246,424,0.0,1313628711.36258
246,1576,-4.0,1347744509.10867
246,286,0.0,1344733950.15294
246,2083,4.0,1361896280.42012
246,1985,4.0,1323988111.79535
246,217,4.0,1385124700.02304
246,3174,0.0,1341421642.69224
246,64,4.0,1345406044.74825
246,1749,0.0,1316664812.20014
246,206,4.0,1345395104.95965
246,668,0.0,1314561416.23165
246,1563,-4.0,1334318373.06625
246,3185,0.0,1359211609.22037
246,2239,0.0,1320548733.88695
246,3168,0.0,1319479251.10824
246,503,4.0,1385263834.40416
246,1655,0.0,1328665278.80492
246,2648,0.0,1319749401.5398
246,480,0.0,1315617875.44543
246,2233,0.0,1325443802.52113
246,895,4.0,1352935670.43431
246,203,4.0,1338854645.4112
246,3172,0.0,1328407213.00756
246,578,0.0,1319294012.83798
246,2659,0.0,1326516923.35694
246,244,4.0,1403379491.02668
246,359,4.0,1342294632.61438
246,254,4.0,1327165271.38246
246,3166,0.0,1315622213.57353
246,2220,0.0,1314995898.91146
246,204,-4.0,1338336772.52235
246,40,0.0,1365966660.43729
246,3176,4.0,1346943589.33995
246,193,4.0,1348017184.6167
246,48,4.0,1314291718.50647
246,132,8.0,1347307962.3281
246,805,4.0,1381206008.69957
246,1859,4.0,1319987051.17955
246,35,-4.0,1349843978.96698
246,3180,0.0,1349308991.50826
246,157,4.0,1341623216.50553
246,853,4.0,1357546484.0485
246,421,4.0,1340313455.95655
246,152,4.0,1329009155.77795
246,74,4.0,1356408975.63426
246,2289,0.0,1360941822.55002
246,3184,4.0,1356466495.67598
246,536,8.0,1357159663.58297
246,1485,4.0,1319572373.86052
246,1573,0.0,1353740152.49428
246,201,4.0,1343678550.89009
246,3178,-4.0,1347718451.15233
246,3046,4.0,1326836430.83839
246,398,0.0,1325443874.4417
246,3188,0.0,1385117950.07511
246,1364,0.0,1315532960.8469
246,709,0.0,1326221404.77088
246,239,0.0,1385314822.56072
246,922,0.0,1361636316.17232
246,1942,0.0,1348670170.71278
246,3182,-8.0,1353325714.06571
246,3165,0.0,1315609059.2861
246,2182,4.0,1326836565.46362
246,2925,0.0,1327562959.64675
246,1554,0.0,1338838655.40694
246,3017,0.0,1335011189.62998
246,1750,0.0,1413814532.75569
246,1318,4.0,1360431113.10568
246,717,0.0,1325304037.49054
246,3186,4.0,1360792220.913
246,3169,4.0,1321743038.83956
246,379,0.0,1336440273.89587
246,26,0.0,1333752000.14408
246,188,8.0,1367384980.0006
246,1278,0.0,1452382100.04463
246,1366,4.0,1314215231.7515
246,285,0.0,1341749083.6904
246,1437,0.0,1451785793.24722
246,677,0.0,1335651788.28389
246,1197,4.0,1356828627.73317
246,356,0.0,1341365251.65139
246,525,4.0,1317319722.88206
246,552,0.0,1326098156.89176
246,196,0.0,1326487588.29211
246,158,0.0,1352946375.34178
246,3177,-4.0,1347718047.67137
246,3167,0.0,1315641153.38705
246,1566,-4.0,1348579155.30342
262,439,0.0,1303751776.57371
262,1795,0.0,1337890926.4034
262,169,4.0,1337635470.44353
262,557,4.0,1339510112.68038
262,71,0.0,1301866633.93795
262,80,4.0,1335646760.91166
262,101,0.0,1301866651.50438
262,1295,0.0,1304364648.52537
262,174,4.0,1310507713.46219
234,1576,-8.0,1355271578.86265
234,4089,0.0,1345662042.06605
234,4366,-8.0,1362177346.60716
234,3694,4.0,1351192803.39391
234,374,0.0,1344359987.42412
234,4356,-8.0,1357747962.26339
234,4339,0.0,1343742475.78096
234,2755,0.0,1360302228.79564
234,2674,-8.0,1354404800.41969
234,26,4.0,1385326268.42485
234,3137,-8.0,1347002876.61495
234,4360,-8.0,1362085737.86654
234,3951,-8.0,1358520051.98846
234,4343,0.0,1347003916.82723
234,4370,-8.0,1362178919.91003
234,351,0.0,1352407488.4998
234,4364,-8.0,1362089473.08112
234,4347,0.0,1347003966.81262
234,226,4.0,1363717617.14898
234,1382,-4.0,1362097803.52887
234,4341,0.0,1346101602.47926
234,3358,-4.0,1385325976.74257
234,3260,0.0,1345565331.52375
234,1578,-8.0,1357928360.7616
234,4368,-8.0,1362178481.66134
234,4351,0.0,1352308718.54945
234,4078,-4.0,1354077732.26059
234,1565,-8.0,1357246454.0398
234,3051,0.0,1360006646.12091
234,4372,-8.0,1362181216.16101
234,4345,0.0,1347003940.40368
234,2521,-4.0,1350671900.87615
234,3575,-8.0,1354631366.52499
234,3798,-8.0,1356027938.11531
234,893,-8.0,1354537158.15532
234,238,4.0,1359394584.13549
234,42,-4.0,1352150071.22154
234,4376,-8.0,1373244084.32995
234,4349,-8.0,1351022571.15903
234,286,4.0,1348955679.08143
234,853,4.0,1359394758.78613
234,2836,-4.0,1353437931.38336
234,1394,-8.0,1354404793.93135
234,394,0.0,1344732641.40929
234,4353,-8.0,1354638099.88896
234,3927,-4.0,1349901512.67646
234,607,-4.0,1351697971.1268
234,140,-8.0,1351721527.45088
234,2124,-8.0,1355961423.8398
234,4019,-4.0,1347003616.87304
234,233,0.0,1377982408.70646
234,601,-4.0,1350845433.19938
234,4374,0.0,1363962055.95121
234,1550,-4.0,1351687016.64963
234,4100,0.0,1362158507.67356
234,1861,-4.0,1353118184.23445
234,4357,-4.0,1359840836.10819
234,1763,0.0,1341535114.09751
234,3138,-8.0,1347003590.27772
234,1314,0.0,1362531118.06388
234,2986,0.0,1363798986.64217
234,56,-4.0,1351131091.40428
234,3952,-8.0,1358520072.13666
234,1959,0.0,1363701791.67107
234,375,0.0,1357155942.25825
234,5006,0.0,1363917202.0394
234,3253,-4.0,1353610392.26613
234,4361,-8.0,1362085756.85773
234,2750,0.0,1359316223.78243
234,2078,-4.0,1351479440.24955
234,477,-4.0,1362245550.61529
234,4355,-4.0,1354712419.72301
234,4338,4.0,1342323202.99846
234,3470,4.0,1344563512.95173
234,3950,-8.0,1359055043.98259
234,2869,-4.0,1351972889.04743
234,285,4.0,1343865171.58106
234,2835,-4.0,1385832708.99412
234,3376,4.0,1358913752.12423
234,4369,-8.0,1362178623.98668
234,792,0.0,1354617383.89314
234,4359,-8.0,1362085725.20814
234,2775,0.0,1363702994.41328
234,640,-4.0,1352305737.99335
234,2015,-4.0,1352139231.60591
234,4342,0.0,1347003903.30152
234,245,4.0,1367420814.54457
234,421,0.0,1345834518.29595
234,3052,0.0,1357438823.56305
234,387,-8.0,1350610333.47643
234,475,-4.0,1363695453.38444
234,235,4.0,1343755848.88582
234,4346,0.0,1347003951.33657
234,306,-4.0,1350682409.62538
234,3920,-8.0,1347003827.14672
234,2201,0.0,1359146060.00042
234,1343,-4.0,1352145895.81356
234,4079,-4.0,1354077725.45677
234,1566,-8.0,1350397824.80412
234,502,-4.0,1350859461.2825
234,4373,-8.0,1363207153.89054
234,4363,-8.0,1362089465.93823
234,3056,0.0,1358547351.29435
234,2472,-8.0,1365113897.70867
234,4367,-8.0,1362178100.39026
234,4350,-4.0,1352295218.60812
234,66,-4.0,1351082374.89277
234,4340,0.0,1345767360.96822
234,214,-4.0,1347003767.57519
234,4377,-8.0,1373246343.2381
234,3050,-4.0,1358825175.60635
234,402,-8.0,1363619158.44664
234,213,-4.0,1347003780.8521
234,2236,4.0,1356105718.15778
234,1750,4.0,1367420739.7763
234,1564,4.0,1358648700.65027
234,3540,-4.0,1347003715.73961
234,4371,-8.0,1362181208.79344
234,4354,-8.0,1354641797.65904
234,291,4.0,1364615795.57642
234,4344,0.0,1347003929.5602
234,1622,4.0,1350753374.37991
234,558,0.0,1341876117.35717
234,2125,0.0,1359828566.25864
234,2213,4.0,1397943581.80087
234,629,-4.0,1350686749.06748
234,4365,-8.0,1362089480.10942
234,4348,-8.0,1350613305.67497
234,4375,4.0,1370362136.95146
234,4358,-4.0,1359840981.85594
234,3139,-8.0,1347002865.48087
234,4362,-8.0,1362089458.28529
234,4352,-8.0,1354404825.47516
234,2751,4.0,1354587696.90204
234,2741,-8.0,1357928976.78778
234,2309,0.0,1344619462.6211
234,2363,-8.0,1354724020.65701
3090,1529,0.0,1399581801.31655
3090,1524,0.0,1397196698.59276
250,71,0.0,1398171417.71491
250,286,0.0,1397337727.92347
250,1411,4.0,1296163344.67709
250,1,4.0,1398339622.6926
250,1534,0.0,1400750583.31753
250,1521,0.0,1395761456.00696
250,1525,0.0,1397666676.41645
250,1529,4.0,1398181649.35843
250,590,4.0,1398180506.15402
250,1533,0.0,1398422349.37715
250,1523,-8.0,1397059190.77486
250,87,0.0,1398339772.05913
250,82,0.0,1399231729.79376
250,240,4.0,1395908070.04707
250,1537,-8.0,1431508978.09436
250,1531,0.0,1398339912.10045
250,53,4.0,1296754444.14572
250,1535,0.0,1421100350.80606
250,1522,0.0,1396905349.36225
250,152,4.0,1398369646.24737
250,2056,8.0,1356537373.45306
250,1520,4.0,1372155656.60465
250,1530,4.0,1398196441.03623
250,1524,0.0,1397302077.48023
250,232,-4.0,1430909991.37835
250,1528,4.0,1398180369.86195
250,45,-8.0,1398339491.99241
250,1532,0.0,1398348359.70519
155,626,0.0,1304720767.20232
3127,1528,0.0,1409104815.52741
35,152,-4.0,1350943901.60327
35,0,-8.0,1356834517.40403
35,160,4.0,1310535563.57202
35,2869,4.0,1337047584.39224
35,233,0.0,1349490790.76318
35,3104,0.0,1407401970.22321
35,357,0.0,1348576616.88909
1524,1938,0.0,1407892229.94106
1524,1529,0.0,1397196560.8313
1524,2253,8.0,1411865474.48552
1524,5379,0.0,1397196582.57426
1524,1197,0.0,1397196631.7528
1524,2255,0.0,1397235100.9946
1524,152,0.0,1397196295.74989
1524,3108,0.0,1413722016.64243
1524,3091,0.0,1397196716.49363
1524,1528,0.0,1397196390.09811
1524,2254,0.0,1397196691.68473
1524,3997,0.0,1427555386.62593
1524,1768,0.0,1402393140.84937
1524,2256,0.0,1407892255.75755
1524,5739,0.0,1445269798.97665
1524,240,0.0,1397196572.93811
1862,1554,4.0,1342018105.22176
1862,2727,4.0,1307573516.90069
1862,2426,0.0,1307576110.65464
1862,1461,4.0,1307572657.31094
1862,2728,4.0,1363803798.98841
1862,211,4.0,1307574677.48845
1862,2726,4.0,1307572796.75537
1862,2659,8.0,1331950147.37683
1862,1758,4.0,1372790615.9961
39,152,-4.0,1372467942.91691
39,2869,4.0,1340770343.2597
39,2951,4.0,1349038795.04876
39,357,0.0,1340062441.35215
39,23,0.0,1341645017.64033
39,1402,0.0,1374441598.36296
39,26,4.0,1357133509.65913
39,254,0.0,1344583791.99301
39,4096,4.0,1352577991.62689
39,239,4.0,1371461954.12447
39,2253,-4.0,1383221155.40569
39,226,0.0,1341965549.47926
39,0,4.0,1363836956.77002
39,1518,0.0,1346718569.50592
39,4903,0.0,1393455945.18814
39,3275,0.0,1376369075.06632
39,109,4.0,1339873581.06733
39,1029,0.0,1367692411.32725
39,4306,4.0,1341943502.8774
2257,1548,0.0,1309323331.89695
2257,1577,4.0,1369195220.1802
2257,152,-4.0,1407779011.02861
2257,3088,4.0,1363779970.13249
2257,285,0.0,1340689088.0114
2257,1624,4.0,1386186549.0974
2257,240,0.0,1386474933.32827
2257,853,4.0,1358998879.31473
2257,3083,0.0,1365197413.84715
357,152,4.0,1367972796.1406
357,1940,0.0,1337487106.05991
357,3825,4.0,1365542933.74196
357,3862,8.0,1410784608.79799
357,2272,4.0,1342292197.18027
357,421,4.0,1340824143.2914
357,141,-8.0,1339261754.30239
357,36,4.0,1363628573.0808
357,3860,4.0,1409963306.35833
357,1959,0.0,1364838911.70744
357,761,0.0,1334573293.1057
357,254,4.0,1340394150.77833
357,64,4.0,1341621413.57186
357,1197,0.0,1366155250.96727
357,1768,0.0,1366666205.77647
357,1576,4.0,1335875508.17635
357,203,0.0,1338854732.10862
357,193,0.0,1343230077.63547
357,249,4.0,1342906433.05477
357,3861,4.0,1410285362.75127
357,1939,0.0,1362435732.06257
357,409,0.0,1364843958.85331
357,286,4.0,1344872714.03074
357,218,0.0,1338414854.19311
357,1565,0.0,1337669192.53161
357,3859,8.0,1365214821.1533
357,363,0.0,1334442222.34138
357,434,0.0,1348013637.64207
357,1388,0.0,1354409049.35025
357,26,4.0,1357071003.28133
357,202,0.0,1337263292.52859
240,1491,0.0,1383385974.83276
240,236,0.0,1381956244.43851
240,5625,4.0,1382365361.02414
240,4193,-8.0,1387913343.63036
240,5629,-8.0,1386707814.64661
240,4548,4.0,1382569581.00925
240,1643,0.0,1382290843.73815
240,2211,0.0,1386829661.19198
240,1265,0.0,1430863721.18009
240,4160,-8.0,1386821376.704
240,3974,-8.0,1386810022.64305
240,2373,4.0,1382581379.32504
240,4427,0.0,1384792209.26744
240,158,4.0,1382662850.77549
240,5322,0.0,1382546786.43779
240,3978,-8.0,1387182613.8724
240,2296,0.0,1379357458.11159
240,1104,0.0,1393609728.95901
240,1094,0.0,1382139910.77472
240,3982,-8.0,1387183305.15663
240,1148,0.0,1380214955.56997
240,205,4.0,1381004527.43897
240,4435,4.0,1382534629.15872
240,3266,8.0,1382967501.1368
240,4195,-8.0,1387913363.96875
240,1098,0.0,1382006617.29424
240,5472,0.0,1381831817.83932
240,622,0.0,1382966664.37137
240,426,4.0,1405086701.10179
240,1338,0.0,1395624877.16584
240,4537,4.0,1383165452.76494
240,3679,-8.0,1410124651.25758
240,2686,8.0,1382903381.00396
240,845,0.0,1387109342.08162
240,1342,0.0,1413933074.82168
240,933,0.0,1375202053.46861
240,3980,-8.0,1387179358.1101
240,244,0.0,1382450564.03819
240,4483,4.0,1391304589.62286
240,1150,4.0,1382318572.71151
240,4612,-8.0,1386328154.92558
240,4835,0.0,1380233020.7999
240,3673,-8.0,1398525146.8091
240,3984,-8.0,1387179389.67977
240,1400,4.0,1381935883.34234
240,1110,4.0,1380386263.65493
240,4180,-8.0,1387109434.64698
240,5626,0.0,1382549742.1393
240,4157,-8.0,1386616456.47007
240,2715,-4.0,1386571273.74195
240,4194,-8.0,1387913377.10893
240,1114,4.0,1393113139.58644
240,432,4.0,1389250604.72252
240,5630,0.0,1390798761.55539
240,4134,0.0,1383007465.83937
240,4161,-8.0,1386823817.64026
240,1135,0.0,1382963767.75614
240,3979,-8.0,1387182809.21121
240,331,0.0,1379789919.39949
240,419,0.0,1379945020.61431
240,1642,0.0,1383582556.77692
240,215,0.0,1387259345.58747
240,26,4.0,1397779219.19553
240,352,4.0,1382618640.03307
240,254,4.0,1391302470.76704
240,5628,0.0,1384972233.20499
240,232,0.0,1387021492.06019
240,3098,4.0,1390608153.09668
240,379,0.0,1383720126.98522
240,1122,0.0,1373925322.85005
240,3088,-4.0,1386523763.51616
240,1940,0.0,1389874035.91426
240,2028,-8.0,1387180577.59295
240,3977,-8.0,1387182249.24974
240,2447,4.0,1382664027.96463
240,1437,0.0,1381764055.89141
240,4555,0.0,1383788357.52815
240,1529,0.0,1391267451.65854
240,4680,4.0,1382102478.33577
240,3981,-8.0,1387183009.60139
240,229,4.0,1387081367.22627
240,4434,0.0,1382448947.3045
240,3674,-8.0,1398525127.60065
240,3985,0.0,1387187780.60015
240,4853,-8.0,1387180712.85889
240,2253,4.0,1395905692.6127
240,564,0.0,1379790500.56125
240,5627,4.0,1384511072.45466
240,36,0.0,1392337204.331
240,1520,0.0,1391267377.20882
240,3672,-4.0,1397779159.8622
240,3071,8.0,1383175079.29014
240,1159,0.0,1382653806.63732
240,3983,-8.0,1387179384.05004
240,1990,4.0,1383495587.22623
240,372,0.0,1383145111.09685
240,4611,-8.0,1386337057.63777
240,3976,-8.0,1387181790.79295
240,4064,4.0,1384174778.20572
3084,2750,0.0,1358123297.70015
3084,2745,0.0,1346559623.28037
3084,1409,0.0,1347995596.7004
3084,1029,0.0,1367544183.2375
3084,895,0.0,1358140375.01924
3084,226,0.0,1343008280.4101
3084,621,0.0,1374183451.60637
3084,26,0.0,1346574292.20046
3084,232,0.0,1347995739.50093
3084,249,0.0,1342669351.83113
3084,286,0.0,1342854721.38953
774,3889,0.0,1363851597.25867
774,3997,0.0,1431303673.26733
774,2083,0.0,1362296948.93177
774,3278,0.0,1335347703.90086
774,202,4.0,1336016100.38184
774,332,0.0,1335344102.4483
426,5363,4.0,1392365717.99641
426,421,0.0,1403777958.64415
426,1114,4.0,1410104668.66934
426,5384,4.0,1414369146.63171
426,5367,0.0,1393768109.78898
426,4614,0.0,1407672488.8592
426,5357,0.0,1367411974.82809
426,5340,-8.0,1408018137.92916
426,4276,0.0,1407522672.0867
426,251,4.0,1393538692.48354
426,1233,0.0,1393228911.71435
426,1402,4.0,1408380060.89535
426,2216,4.0,1414365934.24796
426,4192,0.0,1387764018.28974
426,5371,-4.0,1394992741.69476
426,232,4.0,1406841631.77143
426,1642,4.0,1390961854.36729
426,4378,4.0,1391171365.4531
426,1227,0.0,1414483938.21956
426,5361,4.0,1391355702.55435
426,1193,4.0,1414366103.73302
426,3679,-4.0,1410124596.47831
426,391,0.0,1395869443.20696
426,249,0.0,1407694220.94868
426,5365,0.0,1392981331.16986
426,1241,0.0,1417729621.86844
426,5375,0.0,1403345032.69332
426,903,4.0,1408547247.46139
426,1400,4.0,1395163578.4339
426,3710,0.0,1366986094.64734
426,3021,4.0,1366473625.47718
426,1437,4.0,1418430272.26203
426,351,4.0,1415915755.23436
426,4234,-8.0,1393539340.69825
426,5369,0.0,1394380799.09267
426,425,0.0,1395611831.71472
426,2961,0.0,1366812456.11274
426,1191,4.0,1391045319.42433
426,64,4.0,1405163286.32013
426,3069,-4.0,1410124428.72176
426,2971,0.0,1403481405.46856
426,1988,4.0,1393539288.03872
426,5275,4.0,1390774991.31208
426,235,0.0,1391729693.04549
426,332,4.0,1423679348.68033
426,3194,4.0,1407911540.49862
426,4265,-4.0,1392017321.11114
426,2681,-8.0,1371546338.30347
426,5373,0.0,1403345021.13078
426,5356,0.0,1366755121.25547
426,4701,0.0,1366573428.77109
426,4029,4.0,1408996159.85812
426,394,4.0,1408968477.73127
426,5377,0.0,1406185454.18917
426,3384,4.0,1408729083.21563
426,4279,4.0,1416926304.53181
426,3438,4.0,1395576152.62871
426,2374,4.0,1395163608.48488
426,4509,4.0,1404834076.41357
426,2996,0.0,1395163699.56599
426,2236,4.0,1403386203.99592
426,1898,4.0,1392114471.86997
426,1554,4.0,1414861115.24719
426,4617,0.0,1410292907.89401
426,5114,-8.0,1393445237.76171
426,422,4.0,1396546866.37464
426,244,0.0,1403777963.98594
426,4486,4.0,1394383694.04047
426,5381,0.0,1408722045.33519
426,1564,0.0,1407671928.44476
426,2132,0.0,1406185446.4769
426,1892,4.0,1395431812.06322
426,26,4.0,1410106372.30534
426,1230,0.0,1391162384.59964
426,1399,0.0,1403551062.44879
426,5101,4.0,1403312183.71747
426,2213,4.0,1391719205.56938
426,5358,0.0,1367996460.61848
426,1180,4.0,1391338289.43628
426,233,0.0,1403554795.93455
426,1595,4.0,1393452227.95378
426,5385,0.0,1418590674.87527
426,1234,0.0,1410541834.62643
426,5368,0.0,1393928238.68499
426,3997,4.0,1395266405.499
426,1501,4.0,1394005449.9585
426,2724,4.0,1405781099.04646
426,229,0.0,1407621027.86857
426,1403,0.0,1403899729.63643
426,184,0.0,1403868046.93269
426,1491,4.0,1403856041.58625
426,5105,0.0,1395266239.97443
426,5379,0.0,1407693705.32798
426,5362,4.0,1392334057.92044
426,3369,0.0,1391435468.71723
426,3866,4.0,1366574664.26256
426,4717,0.0,1392380706.13275
426,2255,4.0,1410171796.61022
426,1140,4.0,1394619495.19948
426,1576,-4.0,1407740454.8672
426,3383,4.0,1391602996.98634
426,3880,0.0,1365730534.321
426,1063,4.0,1365812931.78438
426,5383,-4.0,1412262294.99707
426,1887,4.0,1393861956.22152
426,5366,4.0,1393429575.64075
426,1029,0.0,1366474437.65824
426,1286,0.0,1407922679.46748
426,4765,0.0,1396030791.33596
426,1171,0.0,1392719416.46139
426,4836,4.0,1393426282.67838
426,239,4.0,1393538816.79959
426,2914,0.0,1407825578.7096
426,5360,0.0,1390762187.47542
426,5343,-4.0,1408017676.72172
426,1111,0.0,1408126498.53931
426,5316,4.0,1366720930.42744
426,1388,4.0,1395531928.06471
426,2131,0.0,1403309732.63983
426,1891,4.0,1391277150.50281
426,564,0.0,1367990764.16659
426,1520,4.0,1414447122.32599
426,341,0.0,1393273920.58559
426,1054,4.0,1391435444.78043
426,5374,0.0,1403345027.70976
426,2709,4.0,1403306325.57658
426,5364,0.0,1392677271.27247
426,36,0.0,1403792652.60588
426,1196,0.0,1392622552.87694
426,1939,4.0,1367049791.45359
426,1044,0.0,1403549777.69451
426,1338,4.0,1395409651.41546
426,293,0.0,1391117329.87743
426,188,0.0,1403551041.08792
426,224,0.0,1388539705.17356
426,245,4.0,1367497937.98092
426,622,4.0,1405960114.86823
426,5341,-4.0,1408017683.05297
426,2004,-4.0,1406536455.05735
426,5378,0.0,1406451947.38217
426,3494,0.0,1403288079.84148
426,5372,-4.0,1394992745.10987
426,5115,-8.0,1393445253.43727
426,4460,-8.0,1393445464.20745
426,237,4.0,1393856408.86175
426,3673,-4.0,1395666782.15281
426,2832,-8.0,1410125444.77564
426,1920,4.0,1368079712.12236
426,1248,4.0,1392592916.5215
426,1991,0.0,1407857790.88302
426,5382,0.0,1410124441.2199
426,0,0.0,1407620691.73464
426,2133,4.0,1404834098.51324
426,2204,4.0,1367531737.27977
426,1772,4.0,1406879417.2637
426,254,-8.0,1418554942.17611
426,2684,0.0,1407686627.99059
426,2721,4.0,1392313556.88401
426,5376,4.0,1404921799.02701
426,5359,-4.0,1389915497.47735
426,5342,-4.0,1408017691.39829
426,3022,0.0,1409217718.64039
426,1110,4.0,1394332476.35473
426,1198,4.0,1395409471.97021
426,1340,4.0,1405892712.71588
426,5211,-4.0,1408017669.66378
426,5370,0.0,1394788193.40407
426,5380,-8.0,1408018080.43235
2255,2583,0.0,1404127705.51142
2255,152,4.0,1397415355.14538
2255,2236,0.0,1403548861.94345
2255,2253,0.0,1403139595.71075
2255,5337,0.0,1409577390.74805
2255,1402,0.0,1411157509.70784
2255,5807,0.0,1409925926.69234
2255,3125,0.0,1413283758.3384
2255,3108,0.0,1409854298.83318
2255,621,0.0,1409853918.5289
2255,5802,0.0,1403139721.1498
2255,5806,0.0,1407755119.37934
2255,5712,0.0,1407221772.3635
2255,3679,-8.0,1409764602.34691
2255,387,-8.0,1406802839.14666
2255,2254,0.0,1416071731.1867
2255,1491,0.0,1411321721.09052
2255,422,0.0,1409078960.31379
2255,232,0.0,1419335656.43071
2255,249,0.0,1408728968.45261
2255,3069,-8.0,1409764736.07765
3125,2253,4.0,1412323621.96089
3125,3997,0.0,1421729857.97922
3125,1950,0.0,1406791186.85542
3125,1532,0.0,1434856160.88934
3125,4947,0.0,1397615941.40373
3125,3110,0.0,1404568212.65391
3125,1529,0.0,1413322886.32762
3125,3108,0.0,1413284525.77523
3125,1528,0.0,1423703109.04718
3125,2254,0.0,1413904379.09849
3125,3114,0.0,1413322258.32438
3125,3381,-8.0,1408495796.20822
3125,1437,-8.0,1422508537.98786
3125,5712,0.0,1415186972.71952
3125,5094,0.0,1416621016.99495
3125,536,0.0,1406192113.61992
3125,3104,0.0,1407782538.79593
3125,5809,0.0,1413802320.62471
3108,621,8.0,1403830991.738
3108,5847,4.0,1409738037.76031
3108,2253,0.0,1410631470.66358
3108,5849,0.0,1412902161.68558
3108,5848,0.0,1412901707.39817
3108,5846,8.0,1407709682.90777
1529,5160,0.0,1400008186.78928
1529,152,4.0,1398369736.39529
1529,2253,4.0,1402678674.78167
1529,5164,0.0,1403300454.21476
1529,3114,0.0,1415068095.63331
1529,1528,4.0,1398170521.24946
1529,2254,0.0,1407287896.80925
1529,1520,4.0,1398360370.57176
1529,1532,4.0,1398354230.2654
1529,2256,0.0,1403629075.1964
1529,232,0.0,1419291367.81462
1529,5770,4.0,1406563295.0037
152,1441,4.0,1341535079.49228
152,310,4.0,1317671898.19438
152,614,0.0,1305327053.32207
152,3688,0.0,1346451751.2119
152,3087,0.0,1385934450.44178
152,1027,0.0,1383919045.42861
152,1311,0.0,1337625888.56934
152,2254,4.0,1413380745.5922
152,491,4.0,1341593874.35608
152,714,4.0,1363045263.88451
152,1528,4.0,1398369695.57721
152,1221,0.0,1402613801.65075
152,1532,4.0,1398369733.63499
152,363,0.0,1334192649.1018
152,691,0.0,1322487159.44435
152,1434,4.0,1317676629.25885
152,2951,4.0,1341853199.0829
152,232,-4.0,1419285912.05839
152,5802,0.0,1409193974.17769
152,2590,0.0,1378504666.74805
152,1935,0.0,1337884087.51232
152,182,4.0,1367426406.14986
152,3114,4.0,1415485875.98218
152,618,0.0,1307112525.23572
152,3337,8.0,1324456906.86446
152,2256,0.0,1403827948.29247
152,263,0.0,1339521638.61146
152,1473,0.0,1320430703.06969
152,1676,0.0,1327925967.03445
152,2406,0.0,1307389198.04352
152,2909,4.0,1340025575.61133
152,5578,0.0,1370964828.53284
152,3197,0.0,1313277365.09543
152,421,0.0,1319410990.43989
152,607,4.0,1307219769.14232
152,3343,0.0,1351297334.04689
152,1938,4.0,1362403187.29164
152,1310,4.0,1341155088.21
152,621,0.0,1371433077.71913
152,709,4.0,1324338557.12558
152,1314,4.0,1363911891.92801
152,3209,0.0,1317301805.94009
152,527,0.0,1307313960.85159
152,2253,8.0,1396032553.53625
152,3307,0.0,1321189998.17714
152,713,0.0,1323858319.01683
152,3689,0.0,1338763784.97879
152,318,0.0,1313674866.15361
152,1312,4.0,1341496098.40174
152,1305,4.0,1327761600.14896
152,2856,0.0,1307788488.22858
152,2518,0.0,1322839602.32139
152,458,0.0,1318963896.12663
152,3265,0.0,1413734615.75441
3997,249,4.0,1432486377.17611
3997,5477,0.0,1431027460.55167
3997,1191,0.0,1432530893.32042
3997,5481,4.0,1432180233.43091
3997,5485,4.0,1432831622.72256
3997,434,0.0,1418158147.56406
3997,3118,0.0,1430016222.32159
3997,232,0.0,1418164395.67216
3997,45,-8.0,1451407165.74669
3997,233,0.0,1367462666.17701
3997,5479,4.0,1432412762.77153
3997,5351,8.0,1394609209.4285
3997,5476,0.0,1429271011.7934
3997,5483,4.0,1432525750.70396
3997,5487,0.0,1445606237.89728
3997,2253,4.0,1421129786.37076
3997,931,-8.0,1429266410.72737
3997,5478,8.0,1431036740.74589
3997,5482,-8.0,1432520153.78317
3997,1485,0.0,1367906239.57094
3997,5486,4.0,1433709438.19107
3997,5480,4.0,1432179069.34618
3997,5484,4.0,1432733052.871
3997,3438,8.0,1368562503.14557
3997,5488,4.0,1446604593.86561
2791,5247,0.0,1367902201.41968
2791,291,8.0,1370029225.27062
2791,332,4.0,1368667025.22527
2791,1884,-4.0,1395878328.20496
2791,621,4.0,1371599259.76129
2791,5503,-8.0,1385081104.1262
2791,1089,0.0,1371613442.86972
2791,2242,4.0,1367901199.2905
2791,239,0.0,1370472146.40795
233,2275,0.0,1364954069.38413
233,407,4.0,1376419179.47391
233,3143,-8.0,1362096491.68528
233,1870,0.0,1378439280.41948
233,4606,0.0,1375261757.9603
233,4366,-8.0,1362177551.6175
233,3606,0.0,1354907439.11139
233,3694,0.0,1353651730.56845
233,1029,4.0,1364957077.43889
233,1995,0.0,1365731686.86284
233,340,4.0,1364767388.27634
233,411,4.0,1368233457.67425
233,394,0.0,1421565909.32666
233,215,0.0,1359223275.42863
233,3049,-8.0,1357546447.08148
233,45,-8.0,1385357776.77374
233,4616,0.0,1411006617.22462
233,367,4.0,1358882655.92585
233,1590,4.0,1441598338.63766
233,421,0.0,1386393373.4766
233,1573,8.0,1372918480.77846
233,1404,0.0,1389152148.62974
233,4140,-8.0,1385374760.12177
233,4610,-8.0,1385184598.18449
233,232,4.0,1410895864.19846
233,4593,0.0,1359337871.5573
233,3583,0.0,1353471279.1148
233,567,4.0,1349776236.43236
233,1496,4.0,1354873251.2927
233,432,4.0,1419931285.52647
233,3391,0.0,1357777946.41812
233,3948,0.0,1357106585.184
233,922,4.0,1372359637.49803
233,321,0.0,1362292391.51889
233,3040,-8.0,1360652914.57186
233,3969,4.0,1361405039.02658
233,4614,0.0,1401222251.05365
233,895,0.0,1355096779.44055
233,4597,-8.0,1362179513.86338
233,588,-8.0,1374269102.52744
233,4050,0.0,1358318445.38126
233,1402,-8.0,1418001518.71977
233,4138,-8.0,1385374766.97917
233,4618,0.0,1416992755.73742
233,4601,0.0,1366847982.1444
233,561,0.0,1370048607.83543
233,4591,0.0,1354082940.81824
233,2247,0.0,1352940183.84439
233,254,0.0,1407632414.58902
233,237,0.0,1371591659.62497
233,158,0.0,1352945460.72008
233,4142,-8.0,1385374735.46344
233,920,4.0,1354846795.15094
233,4622,-4.0,1427856424.38647
233,4605,-8.0,1370765674.74302
233,805,0.0,1354080648.87514
233,3950,-8.0,1359055314.09832
233,1437,0.0,1426719580.60906
233,4595,4.0,1361999771.79344
233,586,-8.0,1374269102.29453
233,863,0.0,1382510358.60178
233,3376,0.0,1358492302.23881
233,4599,0.0,1364005641.96865
233,2677,4.0,1354082524.87097
233,853,4.0,1356506179.79681
233,36,0.0,1354061475.80835
233,3589,0.0,1354086719.80854
233,2829,0.0,1430971846.50775
233,387,-8.0,1431383984.85418
233,4609,0.0,1384300423.51699
233,1191,0.0,1415494022.50264
233,3167,0.0,1363915492.19568
233,2309,0.0,1358580183.22176
233,1397,4.0,1357083244.6068
233,2725,0.0,1405908609.84871
233,4620,0.0,1421808897.38576
233,4603,0.0,1369038909.9857
233,867,4.0,1357682559.65991
233,26,0.0,1427230300.03335
233,1769,-8.0,1401836843.14538
233,3887,0.0,1383283117.2576
233,4144,-8.0,1385374726.10997
233,3384,-8.0,1408733990.02772
233,3718,0.0,1353045267.94297
233,1587,0.0,1364280682.9016
233,3739,0.0,1386729436.9393
233,2881,4.0,1370402366.59264
233,1898,0.0,1369542588.23145
233,4553,4.0,1362974986.54569
233,1986,4.0,1400128440.10987
233,4607,0.0,1379806056.0913
233,341,0.0,1420786479.15672
233,224,4.0,1370548979.18551
233,2253,0.0,1363765545.28996
233,1564,8.0,1357584363.56972
233,3682,0.0,1433410450.7424
233,2125,0.0,1368586126.47924
233,2213,0.0,1377650344.0996
233,1044,0.0,1402434017.74337
233,4611,-8.0,1386330900.31072
233,1595,0.0,1389153477.02963
233,1754,0.0,1426212383.89222
233,585,-8.0,1374269102.19504
233,568,0.0,1352184762.27889
233,913,0.0,1354769201.04631
233,4615,0.0,1409015990.5716
233,4598,4.0,1362948196.01316
233,2774,0.0,1400625283.61035
233,2764,0.0,1372452409.33011
233,4085,0.0,1402000046.25681
233,4500,-8.0,1362122156.52401
233,3659,0.0,1354571221.72652
233,251,0.0,1441151268.00026
233,4139,-8.0,1385374753.14508
233,420,8.0,1363501579.9327
233,2751,8.0,1349902126.63182
233,5078,0.0,1404176384.4424
233,3582,0.0,1353466886.50671
233,1015,4.0,1361596632.01095
233,4406,0.0,1361138430.63721
233,245,4.0,1362776200.86901
233,4619,0.0,1417225818.79982
233,4602,0.0,1367384924.6021
233,205,0.0,1362016682.31515
233,1265,0.0,1430863964.79691
233,4592,0.0,1355348497.04408
233,2991,0.0,1355906004.68192
233,4143,-8.0,1385374773.9659
233,343,0.0,1355187346.75877
233,1576,-8.0,1391555868.00785
233,4613,0.0,1388977292.86294
233,4596,-8.0,1362089038.69452
233,4623,0.0,1431554530.19303
233,249,4.0,1410727396.46416
233,3022,0.0,1420787437.4453
233,3951,-8.0,1359060886.61681
233,1286,8.0,1441151042.18221
233,2215,-8.0,1400006719.09105
233,1678,0.0,1362433196.84308
233,391,4.0,1379530012.47689
233,286,4.0,1350763541.07903
233,1340,-8.0,1441150386.20516
233,587,-8.0,1374269102.4251
233,4617,0.0,1411691971.76961
233,4600,4.0,1364867952.606
233,3016,4.0,1362720760.38049
233,351,0.0,1401400820.33326
233,4141,-8.0,1385374745.60185
233,1388,4.0,1451898839.30351
233,395,4.0,1372284426.2105
233,4594,0.0,1360823874.26468
233,2736,4.0,1370201704.64278
233,1949,0.0,1378542907.48116
233,4621,0.0,1422237833.81673
233,4604,0.0,1369724055.97151
233,3932,0.0,1350016395.41545
233,1284,4.0,1444109718.37226
233,1338,4.0,1423708136.11344
233,4483,0.0,1364355794.99742
233,74,4.0,1352590681.6567
233,1409,4.0,1365059824.13622
233,218,0.0,1354165884.05567
233,4608,0.0,1380787410.23318
233,3581,4.0,1362177232.67963
233,1342,0.0,1437349584.68587
233,244,4.0,1446615605.54992
233,332,0.0,1441392596.41118
233,3723,0.0,1357116341.90494
233,3379,-8.0,1360652900.19797
233,226,4.0,1360135221.4662
233,4105,4.0,1362550769.35067
233,1680,4.0,1433381810.99147
233,2832,0.0,1357331542.51355
233,981,0.0,1365844827.4417
233,223,0.0,1358217637.64908
233,2204,0.0,1364783380.806
233,4612,-8.0,1386330911.23471
64,345,0.0,1339483007.26441
64,433,4.0,1439968884.79449
64,328,0.0,1333005795.29065
64,193,0.0,1330458976.53751
64,416,4.0,1368982913.453
64,399,0.0,1363209555.79793
64,148,4.0,1306772472.86087
64,3004,0.0,1336234468.28156
64,339,4.0,1338506639.71594
64,322,4.0,1330643730.78506
64,410,4.0,1368062329.45325
64,224,0.0,1370230791.1499
64,393,0.0,1360381103.47067
64,295,8.0,1289254254.44746
64,376,4.0,1347588084.55875
64,68,-8.0,1307817872.40166
64,366,0.0,1344747233.85096
64,157,0.0,1340664404.61469
64,349,8.0,1340190120.17683
64,420,4.0,1370415516.96125
64,84,0.0,1307276062.31081
64,299,0.0,1305657912.85412
64,370,4.0,1347054308.08383
64,353,0.0,1341350663.6855
64,218,0.0,1335396155.05036
64,424,0.0,1388719392.82988
64,1,4.0,1307038941.85577
64,343,0.0,1339112143.89633
64,29,8.0,1289254300.79514
64,326,0.0,1332713159.23014
64,414,8.0,1367781134.62923
64,309,0.0,1307213925.17426
64,397,-8.0,1360884431.34944
64,178,4.0,1340645348.00216
64,169,4.0,1335867869.44102
64,232,4.0,1438360542.54127
64,320,0.0,1319834201.20998
64,303,4.0,1305723965.17845
64,286,4.0,1349421061.05263
64,374,4.0,1347370437.88005
64,428,4.0,1424518464.27028
64,50,0.0,1307696714.48937
64,347,0.0,1339927293.18526
64,330,4.0,1335042952.80309
64,418,0.0,1369690483.18999
64,401,4.0,1366085143.4698
64,36,0.0,1360289115.52359
64,182,0.0,1335688146.52696
64,351,0.0,1340984378.71939
64,334,4.0,1335779036.80557
64,422,4.0,1375235921.52758
64,405,0.0,1367483797.3547
64,307,0.0,1306806552.42494
64,378,0.0,1347856683.88869
64,432,4.0,1439951668.36383
64,361,0.0,1343812957.3084
64,382,0.0,1349528287.46389
64,230,0.0,1305658191.20959
64,43,4.0,1296690713.9312
64,301,0.0,1305692800.70556
64,372,0.0,1347073513.98423
64,186,4.0,1347584658.28599
